M	10.73, 0.52, 3.15, 7.85, 0.56, 5.70, 2.99, 2.00, 6.43, 4.88, 12.81, 3.13, 5.24, 4.65, 5.13, 8.87, 9.79, 4.55, 0.14, 0.89
V	7.56, 0.79, 6.57, 7.53, 3.98, 1.20, 9.95, 3.95, 4.11, 1.49, 2.67, 8.73, 2.12, 4.26, 4.90, 7.59, 5.25, 13.15, 0.92, 3.28
T	2.47, 0.15, 4.08, 10.76, 1.17, 1.69, 3.24, 3.47, 10.06, 10.41, 1.05, 1.95, 0.08, 4.87, 6.28, 7.48, 22.78, 6.35, 0.28, 1.38
C	0.33, 99.02, 0.05, 0.01, 0.03, 0.15, 0.10, 0.00, 0.02, 0.00, 0.01, 0.06, 0.00, 0.00, 0.01, 0.09, 0.01, 0.00, 0.08, 0.05
T	3.62, 0.43, 1.22, 7.98, 1.35, 0.20, 19.64, 0.16, 6.12, 0.36, 1.26, 1.99, 0.00, 3.14, 4.93, 16.59, 21.09, 1.19, 6.11, 2.62
F	0.45, 0.25, 0.15, 0.18, 67.52, 0.00, 3.41, 0.02, 0.07, 1.14, 0.26, 0.35, 0.00, 0.46, 0.19, 0.40, 0.12, 0.05, 2.30, 22.67
E	8.33, 0.08, 5.75, 20.32, 0.22, 0.32, 0.93, 3.29, 19.16, 2.21, 0.55, 1.19, 0.08, 7.11, 4.62, 2.90, 13.63, 8.84, 0.22, 0.24
T	3.89, 0.40, 5.92, 13.47, 1.19, 0.05, 1.92, 6.20, 12.00, 2.17, 0.43, 3.89, 0.01, 6.12, 4.58, 4.50, 18.29, 13.96, 0.22, 0.77
P	1.32, 3.72, 0.71, 0.52, 0.03, 4.23, 0.05, 0.02, 1.13, 0.15, 0.34, 4.96, 71.57, 0.38, 3.82, 6.72, 0.13, 0.19, 0.00, 0.03
P	0.60, 0.06, 0.10, 0.14, 0.26, 0.73, 0.13, 0.00, 0.17, 0.07, 0.11, 0.04, 95.41, 0.30, 0.28, 0.81, 0.39, 0.10, 0.07, 0.23
I	0.03, 0.03, 0.00, 0.03, 0.46, 0.00, 0.03, 87.15, 0.08, 9.87, 0.32, 0.01, 0.00, 0.19, 0.25, 0.00, 0.23, 1.21, 0.02, 0.08
V	8.75, 0.31, 2.65, 9.73, 0.05, 2.76, 0.55, 6.52, 15.22, 0.60, 1.48, 1.82, 3.67, 4.88, 15.07, 4.82, 4.97, 16.12, 0.01, 0.04
P	2.09, 0.11, 11.23, 4.06, 0.47, 17.32, 0.57, 0.06, 2.03, 0.79, 0.28, 4.03, 44.63, 0.98, 1.42, 7.44, 2.12, 0.08, 0.06, 0.23
D	1.49, 0.29, 52.90, 4.64, 0.42, 0.45, 2.27, 0.14, 2.04, 0.63, 0.27, 25.28, 0.01, 1.59, 1.78, 2.57, 2.30, 0.35, 0.07, 0.52
Y	4.50, 2.49, 5.46, 2.41, 9.05, 0.97, 14.54, 0.20, 0.29, 0.14, 0.52, 1.05, 0.00, 0.57, 0.38, 3.18, 0.54, 0.78, 15.03, 37.90
G	7.73, 0.97, 4.89, 11.84, 1.50, 17.94, 4.44, 1.27, 5.51, 4.74, 1.33, 1.35, 0.00, 3.94, 12.32, 11.67, 3.51, 1.06, 0.68, 3.29
E	7.64, 0.44, 6.28, 16.03, 0.90, 4.04, 1.80, 4.45, 10.14, 9.09, 1.61, 2.82, 0.03, 6.95, 5.04, 5.26, 6.12, 9.41, 0.56, 1.37
V	6.58, 0.61, 0.35, 3.59, 0.40, 0.06, 0.42, 1.15, 3.96, 1.67, 1.30, 0.63, 0.03, 5.00, 12.27, 5.22, 12.12, 43.90, 0.11, 0.61
L	0.83, 0.29, 0.01, 0.05, 3.18, 0.07, 0.05, 5.29, 0.04, 67.98, 7.61, 0.01, 0.00, 0.11, 0.33, 0.09, 0.22, 12.00, 0.07, 1.77
A	19.73, 0.15, 5.44, 17.37, 0.09, 0.89, 1.26, 0.75, 18.45, 1.31, 0.31, 2.03, 0.00, 9.95, 12.08, 6.43, 2.43, 1.01, 0.13, 0.18
E	9.47, 0.07, 7.64, 18.57, 0.38, 0.35, 2.41, 0.64, 16.13, 8.91, 1.17, 3.16, 0.00, 8.30, 12.53, 2.93, 5.98, 0.44, 0.38, 0.53
L	1.40, 0.01, 0.00, 0.01, 1.49, 0.00, 0.03, 0.12, 0.10, 93.50, 0.45, 0.00, 0.00, 0.01, 0.11, 0.01, 0.01, 0.07, 0.21, 2.47
K	15.96, 0.28, 3.36, 11.20, 0.19, 1.74, 1.67, 1.63, 16.59, 15.03, 2.28, 2.90, 0.00, 6.74, 12.96, 6.12, 0.32, 0.73, 0.04, 0.29
A	46.21, 0.01, 5.88, 1.02, 0.01, 3.21, 0.07, 0.00, 1.36, 0.02, 0.03, 2.48, 0.00, 0.75, 0.68, 38.26, 0.00, 0.00, 0.00, 0.01
V	0.84, 0.43, 0.21, 3.34, 0.54, 0.19, 2.30, 17.09, 4.39, 1.20, 4.29, 0.45, 0.00, 8.68, 7.07, 0.91, 1.99, 45.30, 0.09, 0.69
A	27.72, 3.40, 1.79, 0.54, 6.17, 0.07, 2.25, 1.19, 0.44, 19.14, 5.37, 0.63, 0.01, 0.74, 0.71, 18.67, 4.38, 0.43, 2.43, 3.91
D	2.54, 0.18, 26.89, 16.94, 1.91, 0.31, 2.00, 1.04, 10.59, 1.75, 0.21, 11.62, 0.05, 4.80, 6.43, 3.09, 3.65, 2.77, 0.31, 2.94
K	3.93, 0.46, 2.71, 5.32, 0.48, 0.96, 4.48, 1.72, 19.61, 2.93, 0.96, 1.91, 5.14, 6.90, 9.44, 13.42, 14.58, 3.98, 0.31, 0.77
D	2.09, 0.51, 37.65, 9.61, 0.62, 0.97, 0.87, 1.46, 1.50, 0.63, 0.48, 24.19, 0.42, 2.84, 3.18, 4.05, 6.29, 1.61, 0.11, 0.92
Y	1.36, 0.02, 1.81, 10.80, 20.47, 0.03, 5.15, 0.17, 4.12, 6.09, 0.95, 0.25, 0.00, 1.41, 3.32, 0.92, 4.27, 0.06, 2.55, 36.26
P	0.22, 0.05, 0.24, 1.01, 0.01, 0.18, 0.08, 0.06, 0.74, 0.14, 0.12, 0.22, 94.07, 0.75, 0.75, 0.55, 0.65, 0.15, 0.01, 0.01
V	13.54, 2.10, 2.32, 3.40, 0.47, 3.68, 0.83, 0.54, 1.58, 12.57, 3.26, 1.02, 0.00, 2.50, 0.96, 8.17, 15.44, 26.56, 0.27, 0.80
T	0.53, 0.55, 0.54, 1.75, 1.47, 0.16, 1.00, 0.72, 0.85, 0.03, 0.23, 0.24, 0.00, 0.93, 1.15, 7.90, 65.43, 14.04, 0.16, 2.31
L	1.81, 0.12, 0.04, 1.28, 0.09, 0.03, 0.17, 16.63, 5.94, 47.41, 4.28, 0.07, 0.00, 1.56, 12.54, 0.25, 0.08, 7.16, 0.01, 0.54
P	0.45, 0.11, 0.03, 0.24, 1.88, 0.08, 0.67, 1.58, 0.09, 12.11, 0.57, 0.05, 77.63, 0.26, 0.26, 0.29, 0.17, 1.12, 0.97, 1.44
A	34.90, 0.19, 1.21, 11.87, 0.63, 0.43, 0.51, 0.25, 21.61, 5.33, 0.63, 0.43, 0.00, 6.19, 8.99, 4.89, 0.56, 0.79, 0.13, 0.46
N	0.00, 0.00, 7.22, 0.00, 0.00, 0.04, 0.04, 0.00, 0.01, 0.00, 0.00, 92.60, 0.00, 0.00, 0.01, 0.02, 0.05, 0.00, 0.00, 0.00
L	5.18, 0.56, 0.34, 4.96, 3.89, 0.55, 0.37, 16.22, 0.68, 27.66, 11.05, 0.87, 0.82, 3.69, 5.13, 0.86, 1.75, 14.17, 0.23, 1.03
K	11.46, 0.23, 3.04, 13.06, 1.25, 0.27, 2.20, 4.39, 13.92, 5.06, 0.97, 1.45, 5.80, 3.96, 6.37, 6.36, 6.98, 12.01, 0.54, 0.69
E	8.80, 0.20, 11.94, 14.98, 2.77, 0.37, 3.25, 2.78, 11.82, 5.18, 0.41, 3.32, 0.35, 4.62, 5.74, 5.51, 3.73, 10.73, 0.58, 2.91
D	0.07, 0.06, 62.68, 0.04, 0.02, 0.01, 0.92, 0.00, 0.03, 0.02, 0.01, 35.90, 0.00, 0.05, 0.04, 0.13, 0.01, 0.00, 0.01, 0.02
P	2.21, 0.12, 8.46, 6.65, 0.20, 4.13, 0.68, 0.38, 1.98, 0.33, 0.21, 4.09, 58.88, 0.65, 1.07, 6.81, 2.07, 0.69, 0.10, 0.27
V	2.01, 0.23, 1.85, 7.16, 0.52, 0.19, 1.34, 8.37, 14.69, 3.99, 0.55, 2.54, 0.00, 4.81, 8.17, 1.63, 10.73, 30.61, 0.17, 0.44
F	1.74, 0.30, 2.28, 3.03, 17.28, 1.80, 7.50, 0.81, 7.02, 9.76, 7.68, 5.51, 0.01, 2.04, 8.41, 2.38, 4.92, 0.39, 4.06, 13.09
G	4.33, 0.06, 3.37, 4.46, 17.18, 32.38, 5.91, 0.02, 2.58, 2.75, 0.59, 1.26, 0.02, 1.96, 3.09, 3.70, 0.52, 0.03, 1.97, 13.83
P	6.15, 1.71, 16.36, 6.06, 2.26, 11.69, 7.03, 0.01, 0.54, 0.10, 0.23, 5.02, 29.36, 1.26, 0.44, 6.54, 0.41, 0.04, 2.00, 2.79
Y	1.15, 0.35, 1.43, 1.44, 9.90, 3.28, 14.45, 0.85, 0.70, 6.98, 0.79, 1.21, 0.00, 3.66, 9.62, 2.08, 1.02, 0.35, 19.61, 21.12
I	3.00, 0.40, 8.57, 9.38, 1.39, 0.41, 3.67, 16.61, 6.44, 7.69, 1.96, 1.19, 0.00, 11.23, 8.72, 0.50, 5.56, 8.73, 0.72, 3.83
Y	0.05, 0.21, 0.30, 1.54, 17.25, 0.03, 6.72, 0.81, 2.58, 13.49, 5.69, 0.35, 0.00, 1.87, 5.35, 0.19, 0.16, 0.56, 0.67, 42.19
L	1.89, 0.13, 0.00, 0.08, 0.06, 0.01, 0.00, 9.57, 0.06, 81.25, 5.19, 0.00, 0.00, 0.14, 0.09, 0.03, 0.03, 1.46, 0.00, 0.01
Y	3.55, 0.08, 1.20, 0.27, 21.01, 0.95, 5.85, 0.03, 2.05, 0.61, 0.45, 0.32, 0.00, 0.60, 3.38, 1.73, 1.43, 0.01, 10.00, 46.46
H	1.47, 0.31, 8.45, 8.22, 6.00, 0.87, 31.79, 2.11, 1.07, 10.16, 1.96, 1.18, 0.00, 4.73, 3.10, 0.56, 1.30, 0.23, 7.51, 8.98
G	3.41, 0.08, 0.40, 0.77, 5.99, 23.55, 14.86, 10.73, 0.21, 2.64, 0.14, 0.27, 0.00, 0.42, 0.56, 0.32, 7.27, 5.49, 2.16, 20.75
Y	0.12, 0.02, 0.12, 0.36, 3.17, 4.62, 9.71, 0.01, 0.23, 28.31, 0.08, 1.36, 0.00, 0.44, 2.29, 0.40, 0.96, 0.02, 4.77, 43.01
A	24.13, 0.07, 19.63, 12.23, 0.06, 2.81, 1.42, 0.01, 4.46, 0.45, 0.32, 4.46, 0.00, 8.54, 9.14, 11.44, 0.64, 0.01, 0.11, 0.09
E	2.83, 1.34, 3.43, 20.45, 1.32, 8.64, 7.11, 0.58, 1.83, 10.22, 2.79, 11.68, 0.01, 15.31, 4.24, 2.51, 1.65, 0.68, 1.85, 1.53
L	0.43, 0.19, 0.30, 1.63, 11.32, 0.07, 0.76, 0.01, 0.97, 57.76, 4.41, 0.24, 0.00, 0.65, 0.76, 0.51, 4.60, 0.19, 0.45, 14.75
V	1.88, 0.17, 2.48, 12.02, 0.92, 0.91, 3.07, 16.85, 13.55, 6.05, 0.58, 0.97, 0.00, 4.07, 4.93, 1.75, 2.60, 23.32, 1.10, 2.77
K	12.66, 0.03, 1.61, 22.08, 0.28, 0.50, 0.60, 5.03, 25.65, 3.31, 0.78, 0.31, 0.00, 5.33, 10.24, 2.27, 2.85, 5.73, 0.49, 0.24
L	17.90, 1.10, 1.48, 4.69, 1.67, 1.58, 2.10, 2.26, 3.91, 33.85, 5.42, 1.17, 0.00, 4.80, 5.66, 5.61, 1.44, 1.41, 0.63, 3.34
K	19.74, 0.47, 0.10, 3.81, 0.15, 0.29, 0.29, 1.68, 31.17, 3.32, 2.17, 0.20, 0.00, 10.39, 17.17, 6.84, 1.63, 0.24, 0.03, 0.32
E	7.69, 0.30, 6.39, 19.80, 1.15, 2.68, 1.89, 0.36, 14.86, 14.47, 2.10, 4.50, 0.19, 7.59, 7.07, 4.42, 2.94, 0.52, 0.11, 0.96
T	0.24, 0.65, 1.82, 3.10, 1.61, 0.91, 2.57, 16.78, 2.91, 0.70, 0.65, 1.52, 0.00, 2.83, 4.60, 4.80, 31.27, 21.40, 0.18, 1.47
A	79.35, 0.35, 0.05, 0.00, 0.03, 0.06, 0.01, 0.00, 0.01, 0.02, 0.02, 0.02, 0.00, 0.01, 0.01, 20.00, 0.00, 0.00, 0.00, 0.05
G	10.37, 0.06, 6.19, 10.92, 0.04, 23.35, 0.45, 0.46, 9.04, 0.41, 0.29, 1.65, 0.02, 4.10, 3.54, 18.50, 8.66, 1.86, 0.03, 0.05
E	10.21, 0.14, 8.94, 18.58, 3.35, 3.02, 3.19, 1.15, 9.17, 6.45, 1.03, 3.70, 1.77, 4.18, 6.07, 7.04, 6.67, 2.32, 0.35, 2.67
E	2.61, 0.19, 23.06, 24.99, 2.10, 5.35, 3.88, 0.65, 3.98, 2.46, 0.48, 9.58, 0.23, 3.82, 2.17, 6.66, 4.32, 0.91, 1.00, 1.56
Q	7.02, 0.47, 10.50, 14.37, 0.40, 0.26, 4.45, 1.13, 3.84, 11.33, 6.80, 1.16, 0.00, 22.81, 2.83, 6.56, 2.47, 1.48, 0.67, 1.43
K	2.86, 0.02, 0.01, 1.37, 0.00, 0.10, 0.02, 0.06, 54.34, 0.08, 0.23, 0.10, 0.00, 15.37, 24.46, 0.53, 0.02, 0.41, 0.00, 0.00
K	2.54, 0.17, 7.06, 12.75, 0.12, 12.72, 1.45, 0.24, 31.83, 2.05, 0.48, 5.04, 0.03, 10.09, 7.60, 3.48, 1.69, 0.45, 0.03, 0.16
L	4.87, 0.07, 2.19, 2.09, 0.87, 1.59, 2.32, 0.06, 19.33, 46.14, 2.25, 1.20, 0.01, 1.84, 8.06, 1.12, 0.34, 0.25, 0.45, 4.96
V	2.11, 0.28, 0.00, 0.19, 0.19, 0.03, 0.02, 37.39, 0.03, 1.33, 0.16, 0.01, 0.00, 0.03, 0.01, 0.04, 0.11, 57.82, 0.05, 0.21
K	9.37, 0.29, 5.79, 11.39, 3.14, 1.32, 5.75, 0.39, 12.31, 5.95, 1.40, 2.81, 0.00, 7.16, 12.25, 6.65, 6.43, 0.28, 3.12, 4.21
N	16.53, 0.15, 7.71, 5.00, 0.03, 12.20, 1.87, 0.04, 5.48, 0.46, 0.11, 21.67, 0.00, 4.59, 10.69, 13.02, 0.36, 0.03, 0.02, 0.05
L	10.29, 10.08, 0.08, 0.21, 1.94, 0.19, 0.22, 0.31, 0.16, 40.92, 20.52, 0.26, 0.05, 2.03, 2.25, 2.62, 4.63, 1.78, 0.85, 0.61
R	7.82, 0.39, 1.89, 3.66, 9.00, 7.02, 13.29, 0.02, 2.61, 12.80, 0.75, 1.59, 0.00, 4.33, 17.64, 1.36, 0.05, 0.02, 1.31, 14.47
E	12.56, 0.24, 7.49, 28.60, 0.27, 0.30, 0.78, 1.23, 18.39, 2.97, 0.53, 2.72, 0.00, 8.47, 9.18, 2.09, 1.48, 2.24, 0.22, 0.26
S	17.20, 7.29, 2.66, 10.09, 0.54, 4.65, 1.20, 0.34, 3.56, 1.03, 2.99, 1.14, 0.29, 4.92, 3.02, 21.84, 15.08, 1.52, 0.05, 0.59
I	0.00, 0.01, 0.00, 0.00, 0.12, 0.00, 0.01, 96.25, 0.00, 0.15, 0.15, 0.00, 0.00, 0.00, 0.00, 0.00, 0.01, 3.25, 0.00, 0.03
S	17.86, 0.52, 12.82, 7.16, 0.16, 5.08, 0.36, 0.68, 2.60, 0.51, 0.43, 7.24, 0.03, 1.33, 1.85, 39.48, 0.77, 0.74, 0.22, 0.16
W	0.09, 0.00, 0.02, 0.08, 11.76, 0.18, 0.64, 0.00, 0.01, 0.00, 0.00, 0.00, 0.00, 0.03, 0.00, 0.09, 0.01, 0.01, 80.39, 6.67
V	0.42, 0.22, 0.00, 0.09, 0.76, 0.03, 0.06, 15.14, 0.04, 3.49, 1.67, 0.02, 0.00, 0.10, 0.20, 0.04, 0.26, 76.83, 0.16, 0.48
F	1.09, 0.04, 4.52, 2.18, 40.16, 0.19, 4.59, 0.10, 1.82, 8.44, 0.58, 3.52, 0.00, 1.47, 6.87, 1.88, 4.76, 0.10, 2.27, 15.42
D	12.77, 0.31, 24.39, 7.45, 1.09, 0.41, 1.43, 0.51, 8.15, 9.25, 0.64, 7.69, 0.00, 7.95, 9.78, 3.79, 0.42, 0.44, 1.75, 1.77
F	10.36, 8.97, 0.48, 0.88, 32.40, 2.35, 2.81, 1.17, 0.43, 0.51, 0.34, 0.60, 0.00, 0.79, 0.12, 4.07, 1.10, 1.41, 2.37, 28.83
A	26.82, 0.04, 20.39, 8.80, 0.01, 10.87, 0.80, 0.01, 5.64, 0.36, 0.36, 8.51, 5.45, 4.93, 1.89, 4.93, 0.11, 0.04, 0.00, 0.03
F	3.44, 1.03, 0.40, 0.68, 23.55, 0.10, 2.03, 10.06, 1.99, 2.69, 1.83, 0.77, 0.01, 1.20, 5.75, 0.52, 1.60, 20.96, 14.32, 7.09
E	17.32, 0.13, 2.56, 20.65, 0.76, 1.63, 2.66, 0.29, 13.20, 1.76, 0.58, 1.54, 6.99, 7.39, 9.02, 7.75, 3.25, 1.89, 0.14, 0.49
P	3.01, 0.03, 2.20, 2.34, 0.03, 0.13, 0.09, 0.06, 1.07, 0.19, 0.08, 0.23, 88.34, 0.37, 0.59, 0.79, 0.14, 0.29, 0.00, 0.02
P	0.72, 0.05, 0.10, 0.14, 0.18, 0.05, 0.04, 0.15, 0.27, 1.64, 0.28, 0.04, 95.04, 0.05, 0.80, 0.21, 0.05, 0.10, 0.02, 0.04
S	18.78, 0.07, 3.07, 2.75, 0.07, 0.91, 1.17, 0.22, 4.77, 0.85, 0.21, 0.95, 21.85, 2.08, 5.54, 30.18, 5.68, 0.73, 0.05, 0.07
D	10.36, 0.10, 22.39, 13.92, 0.11, 7.33, 1.28, 0.50, 6.41, 0.62, 0.38, 5.03, 4.82, 2.81, 3.16, 15.51, 3.81, 1.21, 0.09, 0.16
E	5.03, 0.26, 10.79, 22.32, 0.68, 18.74, 2.97, 0.10, 3.66, 0.53, 0.21, 4.79, 0.00, 4.76, 2.89, 14.74, 5.05, 0.26, 1.52, 0.71
V	2.60, 2.52, 0.71, 2.75, 0.71, 0.26, 0.14, 12.99, 0.21, 1.58, 1.76, 2.64, 0.00, 1.18, 0.86, 0.81, 19.02, 47.91, 0.25, 1.09
E	4.57, 0.30, 2.40, 20.06, 0.29, 0.15, 1.74, 4.81, 17.22, 4.78, 0.45, 1.72, 0.00, 13.70, 8.60, 1.84, 5.03, 12.08, 0.09, 0.17
F	0.26, 0.06, 0.12, 1.96, 59.45, 0.02, 0.24, 2.69, 1.29, 16.09, 1.67, 0.10, 0.00, 0.53, 2.91, 0.32, 1.78, 3.20, 1.78, 5.53
V	6.95, 3.50, 0.37, 12.55, 0.29, 0.95, 0.58, 6.00, 11.84, 2.52, 0.96, 0.26, 0.00, 5.41, 10.71, 4.50, 5.55, 26.31, 0.05, 0.73
E	20.97, 0.07, 5.62, 25.53, 0.10, 1.44, 0.75, 0.26, 10.93, 0.88, 0.71, 3.92, 5.50, 5.57, 4.33, 8.99, 3.10, 1.21, 0.04, 0.09
V	0.22, 0.38, 0.01, 0.50, 0.02, 0.00, 0.05, 9.64, 2.77, 0.35, 0.20, 0.00, 0.00, 0.18, 0.67, 0.03, 0.32, 84.63, 0.00, 0.04
S	20.40, 2.40, 2.95, 2.05, 0.11, 9.96, 0.91, 0.00, 2.00, 0.06, 0.31, 3.70, 9.71, 0.56, 2.28, 41.88, 0.49, 0.00, 0.04, 0.19
I	0.61, 1.63, 0.01, 0.10, 0.02, 0.04, 0.00, 68.08, 0.10, 1.13, 0.29, 0.01, 0.00, 0.17, 0.10, 0.22, 0.09, 27.34, 0.01, 0.03
S	14.35, 0.31, 2.33, 8.22, 0.14, 0.78, 0.86, 6.76, 9.59, 6.07, 1.39, 0.82, 0.00, 3.00, 4.75, 30.95, 4.17, 4.89, 0.03, 0.59
T	2.58, 0.13, 13.63, 14.98, 0.83, 2.48, 5.41, 0.91, 6.41, 0.33, 0.56, 2.27, 0.00, 6.74, 1.53, 1.02, 30.76, 7.39, 0.38, 1.66
V	5.55, 0.78, 0.01, 0.06, 0.06, 0.35, 0.01, 8.26, 0.17, 7.08, 1.06, 0.51, 0.00, 0.16, 0.19, 0.82, 5.09, 69.82, 0.00, 0.01
L	5.25, 0.50, 0.08, 0.31, 0.06, 2.96, 0.01, 5.66, 0.13, 66.68, 3.06, 1.40, 0.00, 0.23, 6.72, 2.78, 3.82, 0.28, 0.01, 0.07
K	14.02, 0.18, 4.35, 12.83, 0.21, 1.87, 1.86, 0.11, 16.09, 1.93, 0.29, 1.85, 0.00, 6.64, 11.02, 14.44, 11.53, 0.13, 0.14, 0.51
L	0.61, 0.06, 1.09, 11.53, 0.49, 0.01, 1.62, 8.88, 19.39, 23.79, 0.58, 0.30, 0.00, 6.22, 11.56, 0.39, 6.04, 5.68, 0.21, 1.57
L	36.68, 0.70, 0.07, 0.23, 0.48, 2.63, 0.06, 0.32, 0.29, 40.93, 10.36, 0.06, 0.00, 1.39, 1.13, 2.62, 1.53, 0.24, 0.05, 0.26
K	3.30, 0.79, 3.69, 9.86, 0.56, 1.04, 2.33, 1.69, 26.20, 13.42, 0.84, 1.34, 0.00, 5.32, 11.80, 3.50, 1.61, 8.58, 1.49, 2.63
E	3.55, 1.17, 7.89, 21.23, 1.27, 5.65, 3.51, 1.32, 9.15, 6.02, 2.05, 5.74, 0.01, 12.68, 9.51, 4.36, 2.27, 0.59, 0.40, 1.64
Y	0.75, 5.74, 1.95, 1.72, 18.66, 0.11, 4.67, 0.05, 0.09, 1.90, 2.74, 2.71, 0.00, 0.40, 0.73, 0.31, 0.12, 0.12, 0.81, 56.44
L	5.90, 2.66, 0.09, 0.68, 0.99, 3.45, 1.73, 6.66, 2.20, 50.47, 9.31, 0.87, 0.02, 3.79, 5.72, 1.78, 1.55, 1.86, 0.11, 0.17
E	2.62, 0.18, 0.78, 21.82, 0.49, 0.21, 1.12, 11.98, 17.04, 5.34, 0.64, 0.87, 0.00, 9.14, 7.16, 0.91, 3.81, 14.60, 0.33, 0.95
T	2.39, 0.18, 2.05, 12.66, 0.43, 0.12, 0.96, 4.67, 13.87, 6.22, 0.25, 1.15, 0.00, 3.60, 8.15, 8.25, 25.72, 8.56, 0.09, 0.67
G	6.00, 0.16, 0.37, 0.39, 0.12, 77.95, 0.03, 0.00, 0.01, 4.35, 0.67, 0.46, 0.00, 0.10, 0.06, 8.90, 0.21, 0.00, 0.02, 0.18
K	6.05, 0.10, 1.05, 6.18, 1.15, 0.06, 1.58, 0.02, 40.40, 1.09, 0.11, 1.10, 0.00, 6.07, 28.61, 3.13, 0.90, 0.03, 0.19, 2.16
P	0.01, 0.00, 0.09, 0.06, 0.00, 0.00, 0.00, 0.00, 0.02, 0.00, 0.00, 0.02, 99.67, 0.01, 0.01, 0.08, 0.02, 0.00, 0.00, 0.00
R	0.78, 0.86, 0.79, 6.65, 1.74, 3.88, 4.92, 11.34, 8.95, 2.45, 1.56, 5.94, 0.00, 5.12, 14.80, 4.53, 9.50, 11.38, 1.51, 3.32
I	3.32, 0.40, 0.25, 9.22, 1.87, 0.04, 0.59, 27.19, 0.12, 26.32, 4.95, 0.09, 0.00, 11.88, 1.46, 0.85, 0.14, 3.48, 1.10, 6.74
S	5.00, 0.31, 8.05, 6.97, 0.07, 0.29, 3.31, 0.06, 0.77, 0.02, 0.22, 14.73, 0.00, 4.06, 2.00, 35.60, 17.75, 0.26, 0.06, 0.47
K	4.61, 0.98, 2.69, 10.22, 0.54, 0.66, 3.70, 1.38, 21.07, 3.40, 0.76, 4.49, 0.01, 9.47, 12.55, 9.65, 10.79, 2.58, 0.11, 0.36
I	0.62, 1.35, 0.26, 1.02, 0.35, 0.01, 0.70, 38.94, 4.62, 9.14, 0.41, 0.20, 0.00, 0.87, 2.30, 0.21, 0.83, 37.07, 0.06, 1.03
D	1.57, 0.30, 26.05, 9.65, 1.56, 0.17, 8.94, 1.59, 11.15, 3.14, 0.33, 9.05, 0.00, 5.56, 3.13, 8.22, 3.07, 2.09, 0.65, 3.77
F	0.05, 0.37, 0.00, 0.00, 74.16, 0.17, 0.50, 0.00, 0.02, 3.14, 0.17, 0.02, 0.00, 0.02, 0.01, 0.01, 0.00, 0.00, 1.22, 20.13
