Input_AA	Pred_AA		A	C	D	E	F	G	H	I	K	L	M	N	P	Q	R	S	T	V	W	Y
T		E		10.63	0.47	5.19	11.52	0.90	7.26	1.75	1.74	7.76	3.88	4.39	6.70	8.47	4.86	7.01	8.13	4.41	3.52	0.53	0.87
Q		A		25.69	0.98	10.85	5.11	1.26	0.31	3.81	0.46	6.99	0.35	2.03	8.06	5.22	4.02	1.38	8.09	7.00	4.36	1.03	3.00
D		S		1.25	0.22	4.72	12.13	0.93	2.46	0.59	0.88	4.22	1.69	1.43	7.10	0.03	12.92	2.93	23.75	19.09	2.72	0.17	0.78
C		C		0.00	100.00	0.00	0.00	0.00	0.00	0.00	0.00	0.00	0.00	0.00	0.00	0.00	0.00	0.00	0.00	0.00	0.00	0.00	0.00
S		S		10.30	0.26	0.96	3.01	0.92	0.62	17.93	0.11	8.78	0.19	0.63	3.75	0.00	4.42	10.10	30.34	3.26	0.39	2.58	1.47
F		F		0.02	0.01	0.01	0.03	92.07	0.00	0.50	0.00	0.00	0.09	0.04	0.03	0.00	0.05	0.01	0.02	0.00	0.00	0.45	6.67
Q		K		9.75	0.11	7.50	13.98	0.96	0.17	3.35	2.26	15.77	1.23	0.40	4.11	0.13	9.06	2.79	6.61	15.75	5.18	0.20	0.68
H		E		4.36	0.22	14.91	18.45	0.42	0.05	1.77	3.97	10.98	1.30	0.31	5.68	0.01	5.93	2.61	7.44	10.89	9.80	0.10	0.81
S		P		6.12	1.42	4.80	2.31	0.01	6.88	0.26	0.01	3.40	0.06	0.16	12.58	50.32	0.96	1.40	9.06	0.19	0.01	0.01	0.05
P		P		0.22	0.02	0.07	0.02	0.08	0.18	0.03	0.00	0.00	0.00	0.00	0.02	99.02	0.02	0.00	0.25	0.01	0.00	0.00	0.05
I		I		0.52	0.06	0.00	0.06	2.07	0.01	0.15	74.51	0.17	11.16	0.37	0.01	0.00	0.22	0.18	0.02	0.17	8.99	0.08	1.26
S		A		14.47	0.35	9.76	6.92	0.70	2.41	4.99	0.62	12.89	1.18	0.70	7.40	6.97	7.64	12.29	6.17	2.05	1.00	0.27	1.22
S		D		2.33	0.02	39.06	10.50	0.05	6.78	0.24	0.01	3.10	0.12	0.06	9.17	14.04	1.38	0.78	10.77	1.43	0.06	0.02	0.09
D		D		2.19	0.86	35.26	9.76	0.91	1.50	2.29	0.88	1.15	1.92	0.85	23.93	0.04	2.72	1.23	7.92	4.42	1.26	0.31	0.63
F		S		8.37	7.35	14.77	6.96	0.79	0.26	2.67	0.70	4.59	1.16	3.05	7.92	0.03	5.93	1.60	20.67	5.57	1.86	1.01	4.73
A		A		14.21	0.93	11.26	11.62	4.65	7.04	9.83	0.29	1.26	13.81	0.89	3.06	0.00	5.83	1.91	5.55	1.31	0.40	2.76	3.39
V		E		10.67	0.35	6.41	18.91	0.44	2.00	1.29	2.39	7.69	2.33	0.48	1.62	0.02	9.19	5.09	3.21	11.98	15.29	0.11	0.52
K		R		2.60	0.05	0.50	2.99	0.14	0.14	1.34	0.38	8.74	0.54	0.11	1.28	0.00	1.08	44.08	4.49	10.40	20.58	0.01	0.56
I		L		0.11	0.04	0.02	0.09	0.58	0.00	0.26	32.64	4.17	50.23	1.72	0.03	0.00	0.40	6.52	0.14	0.26	1.98	0.11	0.69
R		A		42.73	0.08	3.03	12.21	0.01	0.29	0.22	0.04	20.42	0.46	0.17	0.84	0.00	6.88	5.98	5.69	0.79	0.14	0.00	0.02
E		E		7.53	0.27	9.16	52.32	0.06	0.83	0.93	0.81	5.53	1.20	0.65	1.46	0.00	11.11	3.33	2.15	1.58	0.69	0.19	0.20
L		L		1.60	0.38	0.00	0.01	20.57	0.00	0.02	0.00	0.00	63.47	1.05	0.00	0.00	0.01	0.00	0.01	0.01	0.01	0.60	12.25
S		L		15.56	0.21	0.94	3.80	0.07	12.56	0.49	1.14	6.49	17.52	3.15	2.17	0.01	10.42	6.45	16.91	1.82	0.19	0.04	0.08
D		A		47.84	0.04	2.75	2.13	0.02	5.52	0.42	0.00	4.31	0.05	0.05	5.37	0.00	1.23	3.69	26.50	0.03	0.00	0.00	0.03
Y		V		2.66	0.90	1.14	8.70	3.63	0.39	10.10	6.24	4.10	2.18	1.65	1.60	0.00	9.89	4.50	3.27	3.46	31.95	0.54	3.09
L		L		11.33	1.80	0.04	0.53	0.78	0.08	0.11	1.16	0.46	32.25	14.40	0.11	0.00	2.70	0.27	10.98	22.26	0.46	0.17	0.14
L		K		2.15	0.55	11.82	12.01	1.95	0.32	8.18	1.54	17.57	1.39	0.41	14.19	0.14	5.74	5.36	2.63	6.65	3.02	0.49	3.89
Q		S		18.28	0.05	4.42	8.88	0.26	0.19	2.45	0.22	14.30	2.48	0.58	2.08	10.55	4.95	4.90	19.17	3.79	0.96	1.17	0.31
D		D		1.32	0.20	41.74	3.92	0.54	0.77	4.25	0.05	1.87	0.28	0.45	30.67	0.04	1.99	1.70	6.76	2.36	0.21	0.23	0.65
Y		Y		2.76	0.51	2.57	2.79	16.44	0.14	8.82	0.03	0.97	21.90	1.25	0.57	0.00	1.21	0.91	1.74	4.11	0.01	8.80	24.47
P		P		0.32	0.07	0.89	2.13	0.02	7.67	0.16	0.03	1.57	0.12	0.06	0.78	82.17	0.89	1.37	1.14	0.48	0.10	0.01	0.02
V		A		44.95	4.79	0.07	0.23	0.46	1.11	0.01	0.45	0.09	9.05	1.15	0.04	0.00	0.31	0.09	18.34	12.98	5.51	0.05	0.32
T		T		2.51	0.88	1.46	8.11	2.06	0.45	3.55	0.94	1.44	0.26	1.28	2.05	0.03	7.98	2.79	15.92	26.10	17.34	0.75	4.11
V		A		31.52	0.75	8.99	13.45	0.84	0.28	5.64	0.46	1.45	9.81	4.06	0.53	0.00	4.98	8.10	5.07	0.62	1.32	0.35	1.78
A		P		5.39	0.06	0.00	0.03	0.07	0.07	0.01	0.05	0.00	1.95	0.04	0.00	92.15	0.01	0.00	0.01	0.00	0.13	0.01	0.04
S		A		40.50	0.06	4.44	18.96	0.06	6.68	0.88	0.01	6.50	0.23	0.19	1.12	0.06	3.55	4.72	11.71	0.14	0.07	0.03	0.09
N		N		0.00	0.05	20.70	0.02	0.00	0.00	0.19	0.00	0.01	0.00	0.00	78.94	0.00	0.02	0.04	0.01	0.01	0.00	0.00	0.00
L		L		0.57	0.17	0.00	0.01	0.48	0.00	0.02	2.18	0.01	86.99	6.06	0.00	0.00	0.14	0.03	0.02	0.19	2.93	0.04	0.14
Q		A		59.28	0.09	0.06	0.54	0.39	0.39	0.50	0.03	21.22	0.95	0.82	0.16	0.00	1.22	11.42	1.94	0.02	0.08	0.11	0.79
D		K		4.40	0.78	8.96	13.02	0.83	0.28	7.34	2.45	18.76	1.37	0.68	9.52	0.31	5.21	4.96	5.66	3.18	8.47	1.30	2.53
D		D		0.07	10.24	66.07	0.11	0.03	0.05	0.59	0.00	0.02	0.01	0.01	22.39	0.00	0.11	0.07	0.20	0.03	0.01	0.00	0.01
E		P		4.23	0.22	3.84	3.28	0.56	5.66	1.05	0.39	1.50	0.90	0.42	1.74	66.29	1.23	1.64	4.53	1.52	0.47	0.11	0.42
L		V		3.17	0.32	4.36	14.42	5.16	0.26	2.24	3.15	6.85	7.89	1.17	5.18	0.01	5.40	4.14	1.61	12.45	14.89	0.40	6.92
C		C		0.00	99.99	0.00	0.00	0.00	0.01	0.00	0.00	0.00	0.00	0.00	0.00	0.00	0.00	0.00	0.00	0.00	0.00	0.00	0.00
G		G		6.90	0.32	3.88	2.18	0.30	41.55	3.40	0.03	4.89	0.45	0.43	4.92	0.45	2.34	5.23	19.02	2.53	0.05	0.56	0.58
G		G		3.44	0.23	11.64	4.28	0.04	52.71	2.88	0.00	0.06	0.00	0.03	1.64	18.82	0.30	0.13	3.40	0.06	0.00	0.21	0.13
L		R		3.17	0.87	0.04	0.30	11.66	0.63	9.05	0.66	1.26	1.42	1.70	7.11	0.00	2.37	24.56	2.76	9.72	2.65	3.06	16.98
W		Y		0.27	0.02	0.02	0.06	11.32	0.00	2.94	0.13	2.39	1.94	0.20	0.08	0.00	0.60	37.72	0.06	0.03	0.12	2.60	39.49
R		R		0.23	0.28	0.27	0.88	11.24	0.79	20.51	0.32	5.99	12.69	2.87	3.79	0.00	2.88	22.59	0.45	0.39	0.19	0.81	12.83
L		L		0.97	0.31	0.00	0.00	0.02	0.01	0.01	0.48	0.02	92.28	5.11	0.00	0.00	0.06	0.05	0.16	0.34	0.16	0.01	0.01
V		W		7.10	1.64	6.46	0.14	0.90	0.89	9.77	0.01	0.54	0.29	0.46	3.44	0.01	0.99	3.33	1.71	3.21	0.17	54.32	4.62
L		L		0.50	0.52	1.74	10.63	3.02	0.21	2.06	9.19	0.01	65.15	1.30	0.02	0.00	3.38	0.03	0.28	0.37	0.70	0.25	0.64
A		A		45.15	1.19	5.56	0.18	4.73	1.60	15.80	0.01	0.04	0.00	0.24	0.90	0.01	0.83	0.09	12.47	2.67	0.21	0.57	7.74
Q		H		0.18	0.18	0.08	0.49	1.19	0.57	39.04	0.00	0.39	10.68	0.09	6.15	0.00	4.09	16.47	0.85	0.06	0.00	3.72	15.76
R		A		31.47	1.00	11.93	9.99	0.08	4.75	0.58	0.00	2.19	0.26	1.43	7.40	0.00	8.45	12.59	7.31	0.36	0.00	0.10	0.10
W		E		0.30	0.03	2.91	86.38	0.16	1.60	0.76	0.04	0.04	0.12	0.36	2.28	0.00	4.06	0.19	0.26	0.32	0.07	0.08	0.05
M		L		0.19	3.10	0.01	0.18	14.13	0.01	0.08	0.00	0.30	63.12	5.67	0.13	0.00	1.43	0.67	0.50	8.89	0.01	0.07	1.53
E		E		5.40	0.10	4.33	35.49	0.31	2.05	1.68	2.77	11.56	3.69	0.39	1.53	0.00	10.03	5.94	3.98	3.83	6.29	0.05	0.56
R		E		17.07	0.11	6.02	28.67	0.82	0.73	0.87	2.72	11.27	3.25	1.25	1.28	0.01	7.94	8.06	2.89	3.33	2.72	0.21	0.78
L		L		11.06	0.19	0.14	1.27	1.33	0.21	0.37	0.52	0.48	66.55	9.78	0.20	0.01	2.50	0.53	1.86	0.86	0.12	1.48	0.56
K		K		5.40	0.20	0.33	2.06	0.08	0.16	1.19	3.11	35.24	2.34	1.16	4.53	0.01	4.81	27.92	6.18	3.97	1.06	0.03	0.23
T		E		7.20	0.22	7.57	30.00	0.21	3.66	0.48	0.10	19.51	7.21	0.75	5.49	0.04	5.98	7.13	2.12	1.75	0.24	0.07	0.29
V		V		1.20	2.76	5.03	9.69	1.33	0.90	3.62	8.51	2.97	0.72	1.64	4.04	0.01	4.44	5.70	5.56	8.10	32.74	0.25	0.79
A		A		89.36	0.33	0.00	0.00	0.01	0.09	0.00	0.00	0.00	0.00	0.01	0.00	0.00	0.01	0.00	10.18	0.00	0.00	0.00	0.00
G		S		10.48	0.68	5.54	9.55	0.25	6.53	0.75	0.57	6.29	1.52	0.67	4.01	0.40	3.81	3.93	25.98	18.25	0.50	0.08	0.22
S		P		3.80	0.24	17.56	14.66	0.58	3.40	1.45	0.29	3.56	0.77	0.28	2.96	32.74	2.57	4.51	5.67	3.57	0.61	0.34	0.44
K		G		6.22	0.55	15.00	13.29	1.75	17.24	5.05	0.16	8.11	1.44	0.91	9.58	0.18	5.95	3.46	6.41	1.80	0.38	0.73	1.79
M		Q		3.14	0.50	5.24	15.67	1.00	0.36	6.72	1.78	1.58	17.03	2.09	1.49	0.00	26.72	7.36	2.93	2.36	2.17	0.51	1.35
Q		K		1.69	0.20	0.03	1.94	0.01	0.36	0.30	0.10	38.28	0.04	0.17	0.18	0.00	24.67	29.79	0.73	0.78	0.72	0.00	0.03
G		G		2.39	0.36	10.17	16.19	0.41	33.48	1.47	0.55	11.65	4.58	1.03	3.69	0.09	3.46	4.67	2.84	1.78	0.62	0.21	0.37
L		L		0.25	0.00	0.01	0.20	0.16	0.01	0.36	0.03	13.06	82.75	0.10	0.01	0.00	0.34	2.06	0.12	0.00	0.02	0.09	0.45
L		I		0.18	0.35	0.00	0.01	0.81	0.00	0.02	63.37	0.01	2.97	0.22	0.00	0.00	0.01	0.01	0.00	0.07	31.20	0.49	0.28
E		D		6.18	0.01	47.14	12.45	0.09	0.27	0.67	0.02	5.07	0.40	0.08	6.76	0.00	5.12	2.17	9.62	3.60	0.04	0.01	0.29
R		G		9.44	0.01	5.13	3.58	0.01	38.13	0.15	0.01	4.18	0.41	0.09	13.96	0.00	2.22	4.51	18.01	0.14	0.00	0.00	0.02
V		A		27.79	10.15	0.01	0.02	4.98	2.71	0.86	0.45	0.32	1.57	20.90	0.23	0.01	0.36	1.05	4.56	12.00	7.96	2.69	1.40
N		H		1.80	0.15	2.41	1.12	1.27	0.61	71.21	0.00	0.67	1.93	0.18	2.54	0.00	1.22	7.21	1.31	0.13	0.00	0.77	5.45
T		E		4.43	0.10	28.43	39.78	0.32	0.21	0.84	0.48	3.60	1.90	1.04	6.76	0.04	6.06	2.02	1.58	1.04	0.75	0.19	0.43
E		Q		2.72	2.28	3.47	25.97	0.00	12.17	0.12	0.08	0.46	0.01	0.44	4.77	0.01	43.42	0.62	0.67	2.69	0.06	0.01	0.02
I		I		0.01	0.03	0.00	0.00	0.44	0.01	0.02	93.79	0.00	0.54	0.18	0.01	0.00	0.01	0.02	0.01	0.19	4.70	0.00	0.03
H		S		20.47	1.05	8.17	11.15	0.10	1.67	0.88	0.23	11.20	0.31	0.44	8.70	0.00	2.82	5.44	26.23	0.59	0.22	0.04	0.28
F		W		0.01	0.00	0.00	0.00	23.49	0.00	0.32	0.00	0.00	0.00	0.00	0.01	0.00	0.00	0.00	0.02	0.00	0.00	63.41	12.74
V		V		0.15	0.13	0.00	0.02	0.06	0.01	0.02	0.81	0.02	0.10	0.22	0.02	0.00	0.02	0.05	0.10	5.50	92.72	0.00	0.04
T		N		0.53	1.20	7.72	4.81	5.69	0.08	8.25	0.01	13.63	2.17	0.70	22.75	0.00	4.62	15.16	3.22	4.86	0.02	0.47	4.10
K		A		17.50	2.33	11.36	5.87	1.56	1.93	3.34	0.16	10.69	1.47	1.11	7.91	0.05	5.25	8.89	13.10	2.57	0.36	1.92	2.62
C		C		0.14	99.50	0.01	0.00	0.07	0.01	0.01	0.00	0.00	0.00	0.00	0.01	0.00	0.00	0.00	0.06	0.01	0.00	0.09	0.08
A		G		11.79	0.23	15.72	7.11	0.03	27.23	0.71	0.01	4.14	0.32	0.08	7.02	13.02	5.49	1.27	5.32	0.45	0.02	0.00	0.03
F		V		0.68	0.97	0.00	0.02	14.98	0.00	0.35	16.48	0.47	0.10	3.13	0.29	0.00	0.20	0.68	0.04	2.29	57.14	1.17	1.00
Q		K		10.47	0.19	1.73	8.89	0.30	1.00	0.82	0.03	35.87	6.71	0.95	6.32	0.01	12.07	9.09	4.59	0.58	0.11	0.01	0.26
P		P		9.19	0.00	4.58	5.34	0.01	0.01	0.03	0.01	1.39	0.15	0.03	0.32	75.25	0.58	0.39	2.14	0.42	0.12	0.00	0.02
P		P		2.78	0.05	0.32	0.70	0.13	0.07	0.02	0.03	0.02	1.48	0.22	0.01	93.63	0.04	0.02	0.14	0.09	0.12	0.07	0.06
P		P		1.38	2.86	1.17	0.18	0.00	0.05	0.03	0.03	0.09	0.12	0.03	0.70	91.04	0.10	0.22	1.44	0.25	0.32	0.00	0.00
S		G		13.03	0.20	19.65	10.39	0.05	22.68	0.56	0.07	2.75	0.76	0.19	1.90	2.59	3.67	2.43	16.61	2.00	0.29	0.15	0.03
C		G		7.68	14.51	4.57	7.00	0.37	24.54	1.49	0.06	3.28	1.38	0.70	2.59	0.01	2.61	2.19	20.39	5.72	0.29	0.39	0.22
L		L		0.05	0.23	0.00	0.01	0.02	0.00	0.05	27.24	0.00	63.89	2.72	0.00	0.00	0.07	0.00	0.01	0.14	5.56	0.01	0.01
R		K		5.41	0.34	2.60	15.22	0.03	0.81	2.22	0.56	35.77	0.87	0.28	3.21	0.04	14.26	11.49	2.90	2.02	1.93	0.01	0.03
F		F		0.50	0.22	1.95	7.50	31.24	0.07	0.52	0.07	0.26	27.45	9.95	0.85	0.00	2.15	1.71	0.93	1.14	0.25	1.28	11.96
V		E		11.75	0.40	2.24	24.92	0.13	0.51	0.44	3.55	9.15	1.22	0.99	1.45	0.00	8.68	7.92	8.04	9.74	8.66	0.02	0.18
Q		E		10.88	0.59	2.53	18.74	0.12	1.34	0.43	0.41	13.73	1.98	1.39	2.25	9.17	11.05	14.30	3.30	6.00	1.67	0.04	0.08
T		V		0.69	0.45	0.03	1.86	0.00	0.00	0.01	11.28	2.09	1.85	2.83	0.03	0.00	3.96	2.60	0.34	9.13	62.83	0.00	0.00
N		S		18.35	0.18	1.11	1.51	0.04	13.32	0.31	0.00	1.72	0.05	0.09	0.81	3.30	1.32	0.99	51.72	5.07	0.01	0.04	0.06
I		I		4.35	0.23	0.01	0.09	0.24	0.08	0.03	44.80	0.10	1.52	0.90	0.01	0.00	0.13	0.09	1.51	0.67	44.45	0.41	0.38
S		A		35.04	0.31	3.52	11.13	1.94	1.04	1.93	0.56	3.58	7.27	6.26	0.62	0.00	5.05	1.71	16.38	0.09	0.28	0.24	3.04
R		T		0.82	0.08	15.02	6.29	0.50	0.27	9.34	0.09	1.66	0.02	0.03	8.05	0.00	4.28	1.22	2.44	42.96	3.99	0.20	2.76
L		V		0.43	0.06	0.01	0.03	0.02	0.00	0.01	3.50	0.01	19.26	0.33	0.00	0.00	0.04	0.02	0.07	0.84	75.36	0.00	0.00
L		L		4.67	0.60	0.59	0.23	0.22	0.74	0.01	0.24	0.01	80.51	2.93	6.20	0.00	0.27	0.15	1.92	0.41	0.25	0.02	0.05
Q		A		22.50	0.12	5.01	9.92	0.31	2.53	2.71	0.03	18.52	0.71	0.22	2.32	0.00	7.99	9.49	12.36	4.74	0.10	0.12	0.31
E		I		2.27	0.14	1.81	15.26	0.15	0.06	0.22	40.24	3.17	17.28	1.71	0.40	0.00	5.37	1.85	1.93	3.71	3.98	0.06	0.39
T		M		15.42	0.81	0.03	0.21	0.03	0.30	0.01	0.04	0.51	9.71	30.79	0.06	0.00	3.19	1.92	5.19	30.41	1.34	0.02	0.02
S		E		0.17	2.55	2.10	38.07	0.27	0.04	0.95	0.10	13.35	12.67	1.06	1.88	0.00	6.05	18.73	0.27	0.16	0.11	0.28	1.19
E		E		8.80	0.06	12.26	23.18	0.73	3.80	1.37	0.26	5.65	0.58	0.31	3.94	0.03	9.00	18.30	6.49	4.09	0.42	0.05	0.69
Q		D		0.42	1.26	27.90	22.56	2.53	0.05	4.91	0.10	0.27	6.86	1.91	10.84	0.00	7.09	0.66	0.87	0.36	0.09	6.27	5.05
L		L		6.75	1.18	0.01	0.11	0.05	3.52	0.09	2.72	3.81	67.46	4.99	0.22	0.00	2.07	4.34	1.81	0.15	0.64	0.02	0.07
V		E		5.65	0.33	6.95	21.69	0.59	1.14	1.52	6.78	12.62	3.08	0.70	4.96	0.02	7.62	8.53	5.25	8.08	3.44	0.28	0.76
A		R		3.28	0.37	1.40	6.35	1.10	0.80	1.92	8.21	13.21	4.27	1.31	4.79	0.04	3.16	18.96	7.27	10.75	11.26	0.52	1.04
L		G		2.70	3.63	1.02	0.88	0.07	40.06	0.09	0.69	0.04	18.27	7.26	2.50	0.00	0.52	0.17	17.48	4.07	0.27	0.14	0.12
K		A		26.62	0.31	0.87	4.56	0.39	3.14	1.84	0.06	23.79	0.54	0.71	1.47	0.07	4.06	12.52	15.43	2.64	0.13	0.21	0.65
P		P		0.01	0.00	0.36	0.05	0.00	0.10	0.00	0.00	0.01	0.00	0.00	0.04	99.33	0.01	0.01	0.06	0.03	0.00	0.00	0.00
W		R		0.38	0.26	0.62	1.33	2.50	5.10	7.17	7.00	6.32	0.86	1.05	4.32	0.06	9.63	25.00	1.69	3.75	19.39	0.95	2.63
I		I		0.35	0.09	0.00	0.11	0.01	0.00	0.00	82.81	0.01	0.44	0.05	0.00	0.00	0.04	0.00	0.02	0.01	16.01	0.01	0.01
T		S		3.90	1.46	17.26	2.22	0.40	0.10	7.35	0.01	0.35	0.01	0.04	9.60	0.00	1.45	0.47	31.62	22.34	0.10	0.21	1.11
R		K		1.83	0.82	3.86	8.86	0.12	2.12	1.92	0.47	29.79	3.10	0.29	3.16	0.04	8.50	6.78	16.30	10.92	0.90	0.02	0.18
Q		I		1.16	0.26	0.14	3.78	0.57	0.04	1.38	44.19	4.74	8.67	2.00	2.05	0.00	2.46	4.24	0.34	1.57	21.44	0.17	0.79
N		D		0.08	0.05	85.52	0.68	0.01	0.01	0.08	0.01	0.10	0.09	0.01	12.60	0.00	0.16	0.14	0.41	0.04	0.01	0.01	0.01
F		F		0.00	0.00	0.00	0.00	89.02	0.00	0.03	0.00	0.00	0.60	0.02	0.00	0.00	0.00	0.00	0.00	0.00	0.00	0.15	10.17
S		S		30.14	0.18	3.97	1.65	0.04	8.89	0.22	0.00	0.66	0.01	0.21	4.40	0.04	1.04	0.25	46.40	1.75	0.01	0.07	0.08
R		N		2.12	0.15	17.62	5.13	0.62	14.72	6.00	0.11	4.23	1.04	0.59	23.63	0.27	3.56	6.59	10.03	2.47	0.07	0.22	0.83
C		C		0.00	100.00	0.00	0.00	0.00	0.00	0.00	0.00	0.00	0.00	0.00	0.00	0.00	0.00	0.00	0.00	0.00	0.00	0.00	0.00
L		L		0.13	0.07	0.00	0.00	0.01	0.01	0.09	0.56	3.57	82.06	0.69	0.05	0.00	1.36	11.16	0.04	0.06	0.11	0.00	0.01
E		V		2.12	0.74	8.24	10.51	1.28	0.32	3.69	9.35	5.01	4.11	0.77	4.67	0.04	7.95	6.51	5.23	11.06	16.38	0.15	1.88
L		I		11.11	5.68	0.01	0.01	2.09	0.80	0.19	31.21	0.97	18.68	6.35	0.33	2.38	3.02	3.31	0.43	0.46	5.75	6.00	1.23
Q		K		2.18	5.07	0.53	13.06	0.06	0.52	0.99	0.07	29.41	2.49	0.47	1.53	0.12	19.56	18.18	2.54	2.78	0.30	0.09	0.07
C		C		2.24	93.31	0.11	0.01	0.14	0.98	0.23	0.00	0.00	0.00	0.01	0.21	0.05	0.01	0.00	2.06	0.14	0.01	0.09	0.40
Q		K		7.30	0.54	1.32	5.79	0.04	0.27	0.16	6.85	35.18	4.29	3.63	1.00	0.00	8.55	12.83	3.79	2.84	5.55	0.01	0.08
P		P		0.03	0.00	0.53	0.10	0.01	0.84	0.02	0.00	0.02	0.02	0.01	0.22	97.88	0.04	0.04	0.19	0.03	0.01	0.00	0.01
