Input_AA	Pred_AA		A	C	D	E	F	G	H	I	K	L	M	N	P	Q	R	S	T	V	W	Y
T		T		8.83	0.33	3.98	8.94	0.41	4.96	3.21	2.07	8.11	2.72	7.46	3.01	8.29	5.94	6.72	9.39	9.53	5.09	0.13	0.88
Q		V		4.32	0.85	2.49	6.33	4.18	0.59	5.01	10.61	3.29	1.16	2.00	7.00	1.28	4.38	4.93	3.63	14.55	19.55	0.59	3.26
D		T		3.34	0.17	4.71	15.67	0.73	2.34	2.86	1.82	12.89	4.15	1.54	2.99	0.06	7.00	6.82	9.76	18.70	3.52	0.20	0.71
C		C		0.96	96.32	0.51	0.05	0.07	0.16	0.53	0.00	0.10	0.05	0.05	0.29	0.00	0.04	0.04	0.35	0.11	0.00	0.20	0.15
S		H		4.41	0.16	1.05	6.71	0.88	0.19	27.85	0.17	5.38	0.39	0.75	3.18	0.00	2.96	5.05	17.94	14.18	0.61	5.05	3.08
F		F		0.35	0.17	0.17	0.24	67.71	0.00	4.29	0.03	0.09	1.44	0.29	0.37	0.00	0.54	0.23	0.34	0.12	0.06	1.90	21.65
Q		E		8.97	0.08	6.29	19.60	0.19	0.39	1.06	3.22	17.61	2.45	0.66	1.33	0.10	7.25	4.39	2.97	14.27	8.67	0.23	0.24
H		T		3.89	0.40	5.92	13.47	1.19	0.05	1.92	6.20	12.00	2.17	0.43	3.89	0.01	6.12	4.58	4.50	18.29	13.96	0.22	0.77
S		P		1.32	3.72	0.71	0.52	0.03	4.23	0.05	0.02	1.13	0.15	0.34	4.96	71.57	0.38	3.82	6.72	0.13	0.19	0.00	0.03
P		P		0.60	0.06	0.10	0.14	0.26	0.73	0.13	0.00	0.17	0.07	0.11	0.04	95.41	0.30	0.28	0.81	0.39	0.10	0.07	0.23
I		I		0.03	0.03	0.00	0.03	0.46	0.00	0.03	87.15	0.08	9.87	0.32	0.01	0.00	0.19	0.25	0.00	0.23	1.21	0.02	0.08
S		V		8.75	0.31	2.65	9.73	0.05	2.76	0.55	6.52	15.22	0.60	1.48	1.82	3.67	4.88	15.07	4.82	4.97	16.12	0.01	0.04
S		P		1.94	0.26	9.57	3.29	1.20	28.69	1.21	0.10	1.59	1.41	0.54	4.26	31.92	1.02	1.99	7.38	2.75	0.11	0.21	0.55
D		D		1.80	0.41	45.79	5.97	0.67	0.51	2.85	0.17	2.32	0.85	0.37	27.28	0.01	1.84	2.79	2.81	2.15	0.47	0.17	0.76
F		Y		4.50	2.49	5.46	2.41	9.05	0.97	14.54	0.20	0.29	0.14	0.52	1.05	0.00	0.57	0.38	3.18	0.54	0.78	15.03	37.90
A		G		7.73	0.97	4.89	11.84	1.50	17.94	4.44	1.27	5.51	4.74	1.33	1.35	0.00	3.94	12.32	11.67	3.51	1.06	0.68	3.29
V		E		7.42	0.51	6.20	15.62	0.95	3.94	1.95	4.47	9.89	10.16	1.81	2.77	0.02	6.99	5.14	4.92	5.55	9.59	0.62	1.47
K		V		6.58	0.61	0.35	3.59	0.40	0.06	0.42	1.15	3.96	1.67	1.30	0.63	0.03	5.00	12.27	5.22	12.12	43.90	0.11	0.61
I		L		0.83	0.29	0.01	0.05	3.18	0.07	0.05	5.29	0.04	67.98	7.61	0.01	0.00	0.11	0.33	0.09	0.22	12.00	0.07	1.77
R		A		17.33	0.54	5.00	12.75	0.25	2.22	2.24	0.99	16.11	2.61	0.64	2.54	0.00	8.89	15.54	7.49	2.76	1.27	0.40	0.43
E		R		6.28	0.14	8.35	15.08	0.73	0.57	2.84	0.93	14.88	9.88	1.15	3.41	0.00	9.10	15.28	2.34	6.25	0.61	1.03	1.14
L		L		0.87	0.02	0.00	0.05	3.93	0.00	0.14	0.30	0.77	87.71	0.98	0.00	0.00	0.05	0.43	0.02	0.03	0.16	0.18	4.33
S		A		20.82	0.23	5.86	10.51	0.40	1.18	2.81	1.65	13.50	15.96	2.77	2.17	0.01	5.69	9.06	4.41	0.69	0.72	0.47	1.09
D		D		14.28	0.04	53.04	0.32	0.06	0.33	0.06	0.00	0.19	0.02	0.02	14.65	0.00	0.15	0.15	16.64	0.00	0.00	0.01	0.06
Y		V		0.39	0.47	0.10	0.47	6.58	0.00	1.95	22.58	3.96	1.97	7.21	0.05	0.02	1.57	5.21	0.22	1.79	34.53	0.72	10.18
L		L		15.77	0.87	0.59	0.61	4.10	0.03	2.48	0.21	0.73	35.64	8.48	0.31	0.02	1.54	2.99	12.42	7.92	0.13	1.11	4.07
L		F		0.03	0.04	0.01	0.01	46.74	0.00	0.60	4.20	0.01	4.75	0.10	0.04	0.00	0.01	0.02	0.01	0.07	1.23	6.40	35.70
Q		K		0.84	0.27	0.61	1.59	1.89	0.04	12.25	0.04	36.86	7.46	1.73	1.40	0.00	6.26	20.60	1.50	1.26	0.03	1.06	4.31
D		D		0.47	0.53	57.72	3.49	0.08	0.20	0.52	0.37	1.69	0.08	0.11	23.42	1.46	1.73	1.76	2.70	2.63	0.63	0.03	0.38
Y		Y		0.07	0.01	0.01	0.01	26.27	0.00	0.36	0.00	0.00	0.13	0.00	0.02	0.00	0.00	0.01	0.02	0.05	0.00	1.06	71.97
P		P		0.40	0.08	0.18	1.10	0.01	0.59	0.08	0.16	1.26	0.17	0.17	0.27	89.70	1.53	1.47	1.12	1.46	0.26	0.01	0.01
V		V		6.88	2.28	2.73	2.18	0.74	3.38	0.72	0.72	0.61	16.31	3.19	1.61	0.00	1.55	0.83	6.80	22.65	25.70	0.20	0.90
T		T		0.53	0.55	0.54	1.75	1.47	0.16	1.00	0.72	0.85	0.03	0.23	0.24	0.00	0.93	1.15	7.90	65.43	14.04	0.16	2.31
V		L		1.96	0.12	0.10	1.44	0.13	0.03	0.25	16.81	4.73	49.60	4.12	0.09	0.00	1.23	12.13	0.32	0.07	6.12	0.01	0.75
A		P		0.54	0.46	0.01	0.08	1.24	0.06	0.33	0.71	0.03	17.35	0.58	0.02	75.10	0.12	0.37	0.19	0.14	1.69	0.37	0.61
S		A		36.47	0.20	2.12	12.90	0.71	0.49	1.03	0.40	18.89	3.65	0.63	0.59	0.01	5.68	9.28	4.61	0.30	1.05	0.27	0.72
N		N		0.00	0.00	0.02	0.00	0.00	0.00	0.00	0.00	0.00	0.00	0.00	99.97	0.00	0.00	0.00	0.00	0.00	0.00	0.00	0.00
L		I		4.25	0.16	0.01	0.09	0.95	0.15	0.02	34.43	0.03	19.43	7.94	0.04	0.28	0.31	0.46	0.17	0.26	30.87	0.01	0.14
Q		A		61.26	0.03	0.35	2.66	0.07	0.01	0.70	0.00	28.34	1.21	0.14	0.14	0.00	1.61	2.24	1.04	0.03	0.01	0.02	0.14
D		D		8.54	0.19	13.02	10.95	3.03	0.32	4.02	1.63	12.22	3.63	0.33	4.49	0.16	5.57	5.31	7.91	2.99	9.21	1.15	5.32
D		D		0.16	0.20	56.48	0.13	0.07	0.01	1.82	0.01	0.04	0.03	0.02	40.34	0.00	0.21	0.11	0.24	0.02	0.02	0.02	0.08
E		P		2.06	0.09	13.68	7.12	0.27	4.44	1.01	0.14	1.54	0.26	0.17	5.55	52.15	0.78	1.01	7.03	2.04	0.32	0.06	0.28
L		V		2.23	0.16	1.25	8.55	0.19	0.09	0.96	4.52	18.31	2.19	0.50	1.84	0.00	6.44	11.01	1.59	9.02	30.82	0.13	0.19
C		C		0.02	99.85	0.00	0.00	0.00	0.09	0.00	0.00	0.00	0.00	0.00	0.01	0.00	0.00	0.00	0.01	0.01	0.00	0.01	0.01
G		G		3.35	0.02	3.16	3.63	10.35	41.59	4.89	0.02	2.00	2.73	0.35	0.94	0.01	1.48	2.05	4.28	0.32	0.02	5.55	13.26
G		P		4.57	1.57	13.78	3.88	1.53	14.22	4.63	0.00	0.34	0.05	0.13	3.68	41.48	0.84	0.29	5.56	0.37	0.02	1.58	1.45
L		Y		1.11	0.63	0.58	1.08	14.90	3.82	8.13	0.86	0.39	7.59	1.29	1.56	0.00	3.21	9.50	1.50	1.03	0.24	12.18	30.40
W		I		5.05	1.53	1.31	2.26	2.47	0.08	3.48	24.19	2.54	4.29	6.89	0.74	0.00	19.00	5.87	0.50	1.15	9.73	2.62	6.29
R		Y		0.03	0.23	0.14	0.92	15.70	0.02	10.06	0.53	2.63	11.26	3.97	0.15	0.00	1.10	3.74	0.11	0.07	0.43	0.63	48.30
L		L		1.44	0.06	0.00	0.05	0.03	0.00	0.00	5.18	0.03	86.31	5.77	0.00	0.00	0.07	0.06	0.02	0.02	0.93	0.00	0.00
V		Y		2.73	0.02	0.26	0.08	21.69	0.19	3.57	0.01	0.41	0.13	0.19	0.08	0.00	0.25	1.25	0.75	0.77	0.01	8.89	58.70
L		H		1.29	0.33	8.98	8.24	6.29	0.79	31.81	1.65	1.15	9.40	1.87	1.19	0.00	4.46	2.50	0.58	1.12	0.21	9.46	8.68
A		G		3.41	0.08	0.40	0.77	5.99	23.55	14.86	10.73	0.21	2.64	0.14	0.27	0.00	0.42	0.56	0.32	7.27	5.49	2.16	20.75
Q		Y		0.12	0.02	0.12	0.36	3.17	4.62	9.71	0.01	0.23	28.31	0.08	1.36	0.00	0.44	2.29	0.40	0.96	0.02	4.77	43.01
R		A		25.18	0.10	20.54	12.70	0.07	3.34	1.46	0.01	3.82	0.43	0.37	4.55	0.00	7.57	8.37	10.77	0.54	0.01	0.11	0.10
W		E		2.53	1.12	3.31	19.11	1.33	12.07	7.51	0.50	1.66	9.60	2.95	11.06	0.01	15.64	3.83	2.22	1.57	0.61	1.99	1.39
M		L		0.43	0.19	0.30	1.63	11.32	0.07	0.76	0.01	0.97	57.76	4.41	0.24	0.00	0.65	0.76	0.51	4.60	0.19	0.45	14.75
E		V		1.76	0.14	2.66	15.04	0.68	0.79	2.15	15.07	16.47	5.16	0.50	0.91	0.00	5.12	6.07	1.87	2.47	20.23	0.85	2.04
R		E		11.26	0.02	1.45	26.07	0.35	0.54	0.59	4.41	24.56	3.38	0.85	0.28	0.00	5.17	10.37	1.95	2.72	5.03	0.73	0.27
L		L		7.35	0.25	0.21	0.68	0.62	0.70	0.28	5.17	0.39	68.92	7.87	0.34	0.00	0.95	1.48	1.96	0.60	1.43	0.17	0.63
K		K		20.54	0.30	0.41	5.93	0.16	0.16	0.46	0.59	32.60	2.53	1.96	0.52	0.00	8.31	15.01	7.88	2.17	0.12	0.04	0.32
T		K		12.88	0.27	4.14	15.26	0.55	3.35	1.87	0.26	18.07	9.14	1.86	5.98	0.14	8.23	9.68	5.30	2.06	0.49	0.04	0.45
V		V		0.20	0.46	1.44	1.38	1.63	0.09	3.23	26.05	2.40	0.53	0.64	1.15	0.00	1.46	2.14	1.19	8.11	45.97	0.07	1.87
A		A		85.40	2.74	0.06	0.01	0.99	0.15	0.02	0.00	0.03	0.11	0.70	0.02	0.00	0.03	0.02	9.26	0.01	0.00	0.06	0.38
G		G		0.00	0.00	0.00	0.00	0.00	100.00	0.00	0.00	0.00	0.00	0.00	0.00	0.00	0.00	0.00	0.00	0.00	0.00	0.00	0.00
S		E		10.29	0.08	11.38	23.23	1.36	1.96	2.49	0.33	13.32	2.16	0.36	2.49	1.74	3.33	5.71	9.54	6.90	1.66	0.24	1.42
K		E		1.73	0.26	23.53	37.82	0.31	1.38	1.22	0.04	3.79	3.56	0.81	7.92	0.00	6.85	7.39	2.13	0.30	0.05	0.36	0.57
M		A		40.35	0.19	0.23	1.20	5.90	0.09	0.84	0.12	4.83	14.28	1.79	0.11	0.00	3.16	10.72	3.29	0.25	0.09	0.12	12.45
Q		K		5.33	0.02	0.01	1.05	0.00	0.33	0.04	0.04	56.26	0.07	0.29	0.08	0.00	16.05	19.34	0.64	0.01	0.44	0.00	0.00
G		K		3.72	0.21	6.47	12.27	0.17	16.10	1.55	0.45	25.46	3.26	0.72	4.65	0.08	9.22	8.91	3.81	1.87	0.84	0.05	0.19
L		L		3.41	0.05	1.98	2.33	1.66	1.92	3.42	0.06	15.50	37.96	1.58	1.35	0.00	1.38	8.73	0.85	0.39	0.24	1.28	15.93
L		V		3.88	0.21	0.00	0.16	0.31	0.06	0.02	38.30	0.00	2.80	0.35	0.00	0.00	0.04	0.00	0.04	0.08	53.62	0.02	0.09
E		R		10.88	0.23	5.12	11.77	2.89	1.97	5.15	0.32	11.34	5.07	1.12	2.71	0.00	6.65	12.28	8.17	7.49	0.22	2.83	3.79
R		N		14.66	0.15	10.08	4.99	0.03	10.27	1.80	0.04	5.53	0.47	0.11	22.38	0.00	4.92	10.42	13.73	0.31	0.02	0.02	0.05
V		L		10.29	10.08	0.08	0.21	1.94	0.19	0.22	0.31	0.16	40.92	20.52	0.26	0.05	2.03	2.25	2.62	4.63	1.78	0.85	0.61
N		R		7.82	0.39	1.89	3.66	9.00	7.02	13.29	0.02	2.61	12.80	0.75	1.59	0.00	4.33	17.64	1.36	0.05	0.02	1.31	14.47
T		E		12.56	0.24	7.49	28.60	0.27	0.30	0.78	1.23	18.39	2.97	0.53	2.72	0.00	8.47	9.18	2.09	1.48	2.24	0.22	0.26
E		S		17.20	7.29	2.66	10.09	0.54	4.65	1.20	0.34	3.56	1.03	2.99	1.14	0.29	4.92	3.02	21.84	15.08	1.52	0.05	0.59
I		I		0.00	0.01	0.00	0.00	0.12	0.00	0.01	96.25	0.00	0.15	0.15	0.00	0.00	0.00	0.00	0.00	0.01	3.25	0.00	0.03
H		S		17.86	0.52	12.82	7.16	0.16	5.08	0.36	0.68	2.60	0.51	0.43	7.24	0.03	1.33	1.85	39.48	0.77	0.74	0.22	0.16
F		W		0.09	0.00	0.02	0.08	11.76	0.18	0.64	0.00	0.01	0.00	0.00	0.00	0.00	0.03	0.00	0.09	0.01	0.01	80.39	6.67
V		V		0.47	0.19	0.00	0.13	1.13	0.05	0.08	16.84	0.03	4.03	3.35	0.02	0.00	0.15	0.27	0.04	0.28	72.01	0.27	0.65
T		F		1.09	0.04	4.52	2.18	40.16	0.19	4.59	0.10	1.82	8.44	0.58	3.52	0.00	1.47	6.87	1.88	4.76	0.10	2.27	15.42
K		D		13.03	0.39	23.57	6.79	1.30	0.49	2.32	0.65	7.13	9.44	0.95	6.84	0.00	8.15	10.24	3.63	0.38	0.45	1.99	2.27
C		Y		8.28	6.16	0.22	0.22	31.30	1.60	3.13	0.89	0.16	0.97	0.50	0.27	0.00	0.44	0.08	1.89	0.84	1.10	3.49	38.43
A		A		26.24	0.04	18.36	9.31	0.01	9.72	0.97	0.01	5.15	0.21	0.13	13.28	5.54	3.13	1.99	5.76	0.11	0.02	0.00	0.02
F		F		2.23	0.64	0.11	0.15	39.33	0.02	0.92	11.85	1.99	1.90	1.18	0.21	0.00	0.49	3.36	0.14	1.39	15.24	2.63	16.22
Q		E		7.31	0.33	5.28	40.60	1.00	0.49	2.20	0.00	11.16	3.21	1.00	3.05	0.00	11.60	6.99	3.64	0.57	0.02	0.11	1.43
P		P		1.40	0.01	1.07	1.30	0.00	0.04	0.02	0.01	0.46	0.03	0.02	0.04	94.49	0.18	0.16	0.63	0.07	0.06	0.00	0.00
P		P		1.08	0.01	0.06	0.25	0.60	0.01	0.02	0.27	0.48	2.65	0.25	0.03	92.69	0.05	0.84	0.16	0.09	0.28	0.04	0.12
P		P		1.59	0.00	0.26	0.32	0.00	0.03	0.05	0.17	0.88	0.11	0.04	0.08	88.75	0.30	0.95	3.72	1.23	1.51	0.00	0.00
S		D		12.68	0.04	23.74	15.13	0.07	8.27	0.93	0.19	4.57	0.41	0.18	4.08	4.40	2.91	2.24	17.64	2.11	0.30	0.04	0.09
C		G		10.28	0.42	5.23	22.66	0.14	30.80	1.00	0.01	4.14	1.18	0.47	2.30	0.00	8.40	2.68	8.75	1.08	0.03	0.11	0.34
L		V		1.26	0.45	0.08	0.92	0.06	0.03	0.17	40.35	0.02	5.66	2.20	0.22	0.00	0.23	0.06	0.20	1.91	46.09	0.01	0.08
R		K		4.22	0.26	1.71	15.06	0.11	0.08	1.53	3.86	24.47	2.39	0.37	1.26	0.00	13.78	10.71	1.58	5.49	12.99	0.05	0.07
F		F		0.24	0.07	0.11	3.08	51.33	0.02	0.42	3.67	1.26	19.86	1.73	0.10	0.00	0.64	2.84	0.39	3.33	6.11	1.00	3.80
V		V		6.95	3.50	0.37	12.55	0.29	0.95	0.58	6.00	11.84	2.52	0.96	0.26	0.00	5.41	10.71	4.50	5.55	26.31	0.05	0.73
Q		E		20.97	0.07	5.62	25.53	0.10	1.44	0.75	0.26	10.93	0.88	0.71	3.92	5.50	5.57	4.33	8.99	3.10	1.21	0.04	0.09
T		V		0.18	0.36	0.01	0.50	0.02	0.00	0.05	8.62	2.22	0.37	0.21	0.00	0.00	0.20	0.58	0.03	0.32	86.32	0.00	0.03
N		S		22.53	1.77	2.08	2.76	0.09	11.73	0.81	0.00	0.92	0.03	0.12	2.65	6.70	0.58	1.37	44.97	0.59	0.00	0.10	0.21
I		I		1.36	2.12	0.01	0.19	0.05	0.10	0.01	52.14	0.07	2.03	0.77	0.02	0.00	0.18	0.10	0.26	0.24	40.31	0.01	0.05
S		S		10.72	0.24	3.38	8.58	0.60	1.14	1.39	7.11	6.86	6.67	1.63	0.89	0.00	3.07	4.77	32.73	4.47	4.36	0.10	1.29
R		T		2.99	0.14	16.15	14.91	0.66	3.11	4.68	0.84	5.20	0.36	0.54	2.23	0.00	7.18	1.30	1.31	31.27	5.46	0.30	1.38
L		V		5.55	0.78	0.01	0.06	0.06	0.35	0.01	8.26	0.17	7.08	1.06	0.51	0.00	0.16	0.19	0.82	5.09	69.82	0.00	0.01
L		L		5.25	0.50	0.08	0.31	0.06	2.96	0.01	5.66	0.13	66.68	3.06	1.40	0.00	0.23	6.72	2.78	3.82	0.28	0.01	0.07
Q		K		14.02	0.18	4.35	12.83	0.21	1.87	1.86	0.11	16.09	1.93	0.29	1.85	0.00	6.64	11.02	14.44	11.53	0.13	0.14	0.51
E		L		0.61	0.06	1.09	11.53	0.49	0.01	1.62	8.88	19.39	23.79	0.58	0.30	0.00	6.22	11.56	0.39	6.04	5.68	0.21	1.57
T		L		36.68	0.70	0.07	0.23	0.48	2.63	0.06	0.32	0.29	40.93	10.36	0.06	0.00	1.39	1.13	2.62	1.53	0.24	0.05	0.26
S		K		3.30	0.79	3.69	9.86	0.56	1.04	2.33	1.69	26.20	13.42	0.84	1.34	0.00	5.32	11.80	3.50	1.61	8.58	1.49	2.63
E		E		3.55	1.17	7.89	21.23	1.27	5.65	3.51	1.32	9.15	6.02	2.05	5.74	0.01	12.68	9.51	4.36	2.27	0.59	0.40	1.64
Q		Y		0.75	5.74	1.95	1.72	18.66	0.11	4.67	0.05	0.09	1.90	2.74	2.71	0.00	0.40	0.73	0.31	0.12	0.12	0.81	56.44
L		L		5.90	2.66	0.09	0.68	0.99	3.45	1.73	6.66	2.20	50.47	9.31	0.87	0.02	3.79	5.72	1.78	1.55	1.86	0.11	0.17
V		E		2.62	0.18	0.78	21.82	0.49	0.21	1.12	11.98	17.04	5.34	0.64	0.87	0.00	9.14	7.16	0.91	3.81	14.60	0.33	0.95
A		T		2.39	0.18	2.05	12.66	0.43	0.12	0.96	4.67	13.87	6.22	0.25	1.15	0.00	3.60	8.15	8.25	25.72	8.56	0.09	0.67
L		G		6.00	0.16	0.37	0.39	0.12	77.95	0.03	0.00	0.01	4.35	0.67	0.46	0.00	0.10	0.06	8.90	0.21	0.00	0.02	0.18
K		K		6.05	0.10	1.05	6.18	1.15	0.06	1.58	0.02	40.40	1.09	0.11	1.10	0.00	6.07	28.61	3.13	0.90	0.03	0.19	2.16
P		P		0.01	0.00	0.09	0.06	0.00	0.00	0.00	0.00	0.02	0.00	0.00	0.02	99.67	0.01	0.01	0.08	0.02	0.00	0.00	0.00
W		R		0.75	0.49	0.87	6.24	1.56	4.58	6.13	8.93	11.14	2.51	1.14	7.20	0.00	5.04	14.81	4.32	9.54	10.42	1.15	3.19
I		I		3.32	0.40	0.25	9.22	1.87	0.04	0.59	27.19	0.12	26.32	4.95	0.09	0.00	11.88	1.46	0.85	0.14	3.48	1.10	6.74
T		S		5.00	0.31	8.05	6.97	0.07	0.29	3.31	0.06	0.77	0.02	0.22	14.73	0.00	4.06	2.00	35.60	17.75	0.26	0.06	0.47
R		K		4.61	0.98	2.69	10.22	0.54	0.66	3.70	1.38	21.07	3.40	0.76	4.49	0.01	9.47	12.55	9.65	10.79	2.58	0.11	0.36
Q		V		0.36	0.59	0.14	0.98	0.28	0.01	0.50	38.41	3.79	8.01	0.49	0.17	0.00	0.71	2.75	0.15	0.98	40.80	0.07	0.82
N		D		0.04	0.08	81.63	0.47	0.03	0.01	0.29	0.08	0.23	0.09	0.02	15.94	0.00	0.23	0.15	0.47	0.04	0.07	0.02	0.12
F		F		0.02	0.38	0.00	0.00	89.34	0.03	0.14	0.00	0.00	1.86	0.25	0.01	0.00	0.01	0.00	0.00	0.00	0.00	0.18	7.77
S		S		8.24	0.63	0.66	1.13	0.03	2.21	0.08	0.01	0.24	0.01	0.01	0.99	0.00	0.73	0.11	79.95	4.83	0.04	0.02	0.07
R		D		0.59	0.07	29.41	11.48	1.53	7.69	11.60	0.02	2.33	0.38	0.73	21.40	0.16	3.19	1.57	4.40	1.13	0.02	0.24	2.07
C		C		15.41	71.52	0.98	0.01	0.03	2.75	0.02	0.00	0.01	0.02	0.10	0.33	0.00	0.01	0.00	8.15	0.45	0.01	0.09	0.09
L		L		0.33	0.37	0.01	0.03	0.01	0.00	0.42	0.72	0.60	95.00	0.18	0.12	0.00	1.14	0.59	0.12	0.29	0.05	0.00	0.02
E		T		1.43	0.54	5.04	10.58	0.13	0.21	4.67	2.54	14.91	0.36	0.22	4.49	0.00	6.43	4.47	3.59	33.36	6.64	0.04	0.34
L		P		7.65	1.11	0.08	0.48	2.50	2.12	0.59	3.10	1.06	10.53	1.76	0.39	45.04	1.22	2.88	1.28	1.49	13.01	3.15	0.58
Q		R		2.61	0.24	0.24	9.16	0.13	0.41	0.66	0.21	18.93	6.98	2.65	0.46	0.00	8.18	44.85	2.20	1.36	0.56	0.03	0.15
C		A		27.74	12.70	1.34	0.29	3.55	6.06	1.35	0.18	0.48	0.04	0.23	2.69	0.51	0.45	0.43	22.37	6.08	1.59	7.55	4.35
Q		R		10.46	3.02	1.83	10.91	0.06	0.45	0.40	11.38	12.93	2.08	1.23	1.74	0.00	7.35	15.75	7.61	3.53	9.11	0.05	0.10
P		P		0.43	0.21	6.17	1.77	0.19	2.35	0.80	0.91	2.07	0.51	0.21	4.03	73.59	1.63	1.30	2.53	0.83	0.32	0.02	0.12
T		S		9.78	0.30	3.18	8.61	0.83	2.86	3.49	3.23	5.73	3.54	8.43	2.63	2.53	5.10	5.86	16.03	8.61	8.09	0.19	0.96
Q		P		0.05	0.00	0.10	0.06	0.00	0.03	0.06	0.02	0.03	0.03	0.03	0.11	99.16	0.02	0.04	0.06	0.04	0.15	0.00	0.01
D		Q		3.65	0.31	1.38	16.21	0.44	0.71	0.73	4.72	13.15	6.55	2.56	1.60	0.05	19.12	8.96	4.57	8.13	6.80	0.05	0.31
C		C		0.00	100.00	0.00	0.00	0.00	0.00	0.00	0.00	0.00	0.00	0.00	0.00	0.00	0.00	0.00	0.00	0.00	0.00	0.00	0.00
S		S		5.70	0.09	1.11	8.46	0.72	1.22	1.80	0.53	3.79	0.50	0.40	1.66	0.00	2.93	2.15	36.95	28.25	2.79	0.21	0.74
F		F		0.42	0.26	0.24	0.19	57.87	0.49	11.71	0.20	0.12	0.31	0.22	1.93	0.02	0.22	0.23	0.44	0.19	0.22	6.48	18.25
Q		N		3.64	0.63	14.59	8.92	1.48	0.98	6.67	0.87	10.26	2.07	0.71	20.08	0.02	8.31	10.59	3.29	4.62	1.44	0.17	0.67
H		D		2.95	0.39	24.28	3.14	5.79	12.23	15.70	0.02	1.89	0.45	0.17	10.23	0.00	1.93	4.73	7.49	1.37	0.03	3.09	4.10
S		I		1.20	0.07	1.13	2.22	2.50	0.39	3.94	25.50	3.30	7.63	0.58	5.77	0.01	1.68	14.32	2.89	13.41	8.92	0.56	4.01
P		P		28.06	0.56	0.22	0.57	0.37	17.09	0.11	0.55	0.18	1.50	0.22	0.53	40.15	0.17	0.92	6.17	0.83	0.97	0.58	0.26
I		I		0.04	0.01	0.00	0.01	0.44	0.00	0.02	73.81	0.01	0.21	0.04	0.00	0.00	0.02	0.01	0.00	0.17	25.14	0.00	0.07
S		G		0.36	0.01	0.22	0.09	3.79	82.89	0.16	0.03	0.13	2.31	0.06	0.18	0.11	0.06	1.27	5.17	0.75	0.05	0.87	1.48
S		D		13.06	1.17	36.79	5.87	1.06	9.15	3.14	0.04	1.20	0.12	0.15	3.32	0.01	1.87	0.53	15.62	3.90	0.28	0.45	2.26
D		D		0.52	0.99	42.34	2.36	3.20	4.26	11.00	0.07	2.45	1.30	0.20	17.25	0.00	1.68	2.46	2.71	2.97	0.04	0.47	3.70
F		Y		4.94	7.01	7.16	3.23	13.07	5.87	15.74	0.37	0.37	0.32	2.87	2.13	0.36	0.78	0.53	4.48	1.89	0.43	1.87	26.58
A		E		9.37	0.48	7.23	23.55	0.27	2.14	4.13	0.26	8.31	0.91	0.32	2.51	0.00	6.93	9.43	18.41	4.05	0.70	0.42	0.58
V		E		2.54	0.21	7.30	15.25	1.07	0.40	1.51	12.82	8.34	6.72	1.19	2.29	0.02	7.62	4.46	3.75	11.35	10.89	0.62	1.67
K		V		0.24	0.21	0.03	0.19	0.14	0.03	0.07	2.92	0.14	0.24	0.21	0.10	0.00	0.24	1.31	0.39	1.01	92.26	0.05	0.21
I		I		5.02	0.44	0.02	0.16	0.35	0.21	0.05	32.80	0.07	26.43	2.33	0.08	0.00	0.28	0.52	0.62	7.56	22.90	0.03	0.12
R		A		17.48	0.26	7.53	15.04	0.16	1.96	2.24	0.78	11.79	1.34	0.23	2.54	0.00	14.41	10.18	10.20	2.75	0.67	0.13	0.32
E		D		10.72	0.80	25.52	11.63	0.85	6.20	3.14	0.23	5.17	1.80	0.76	10.05	0.00	6.68	5.91	6.99	2.07	0.15	0.57	0.76
L		Y		0.11	0.10	0.01	0.02	23.52	0.00	1.37	0.02	0.06	27.60	0.94	0.01	0.00	0.04	0.10	0.03	0.10	0.02	0.73	45.21
S		L		5.65	1.45	0.57	5.83	0.62	0.35	0.54	1.07	1.37	62.54	7.13	0.78	0.02	4.01	3.45	0.95	0.24	1.79	0.79	0.84
D		A		31.62	0.24	14.95	12.36	0.07	0.23	0.42	0.08	5.34	0.40	0.20	5.46	0.02	4.20	3.97	19.34	0.79	0.15	0.04	0.10
Y		R		1.83	1.56	0.54	1.85	8.76	0.14	5.95	1.26	8.97	6.04	12.36	1.40	0.00	5.95	19.81	2.64	4.41	2.01	2.47	12.06
L		L		10.21	1.28	0.44	0.90	2.94	0.89	1.79	4.80	1.53	31.28	6.32	0.12	0.31	2.26	2.39	8.01	19.69	2.51	0.32	2.02
L		Y		0.42	0.12	0.05	0.15	25.33	0.01	1.61	18.11	0.05	16.87	0.54	0.30	0.03	0.14	0.11	0.07	0.18	4.86	3.16	27.89
Q		K		2.74	0.91	5.76	5.14	4.14	0.23	2.42	0.10	22.39	11.58	0.51	8.30	0.01	4.52	16.30	3.31	0.16	0.04	3.09	8.35
D		D		0.14	0.26	55.06	2.03	0.13	1.34	0.46	0.07	0.88	0.07	0.04	34.79	0.32	0.74	0.60	1.06	1.25	0.11	0.06	0.58
Y		Y		0.05	0.00	0.00	0.01	34.67	0.00	0.65	0.03	0.00	0.19	0.01	0.00	0.00	0.00	0.01	0.01	0.06	0.02	0.78	63.51
P		P		3.73	0.26	1.20	7.77	0.04	2.33	0.70	0.66	16.09	1.48	0.54	1.43	44.65	2.52	7.00	5.12	3.07	1.35	0.03	0.05
V		T		5.31	2.00	1.80	2.76	0.76	1.67	0.57	0.87	0.86	8.00	1.50	0.90	0.01	1.43	0.66	9.36	36.42	23.77	0.54	0.81
T		T		1.42	0.68	0.89	3.99	1.19	0.14	1.50	0.87	1.57	0.09	0.44	0.53	0.00	1.61	2.00	15.55	59.71	4.92	0.51	2.36
V		L		2.72	0.31	0.37	2.06	0.53	0.07	0.31	24.75	5.71	30.26	4.67	0.16	0.00	0.77	11.78	0.48	0.22	11.55	0.09	3.21
A		I		4.63	1.40	0.06	0.26	6.39	0.07	0.30	22.67	0.04	19.38	0.87	0.12	20.89	0.26	0.24	0.63	1.29	19.06	0.52	0.92
S		E		16.91	0.31	3.83	21.14	0.27	3.17	0.58	0.25	15.70	4.39	0.54	1.67	0.01	7.25	13.22	6.37	2.94	1.09	0.18	0.17
N		N		0.00	0.00	0.41	0.00	0.00	0.00	0.00	0.00	0.00	0.00	0.00	99.59	0.00	0.00	0.00	0.00	0.00	0.00	0.00	0.00
L		L		3.13	0.12	0.03	0.12	0.93	0.04	0.01	31.84	0.05	50.64	4.19	0.07	0.31	0.17	0.55	0.21	0.24	7.18	0.05	0.12
Q		A		87.89	0.08	0.50	0.30	0.01	8.97	0.06	0.00	0.44	0.01	0.01	0.24	0.00	0.19	0.34	0.93	0.00	0.00	0.00	0.02
D		E		11.34	0.19	11.66	13.24	1.84	1.35	4.54	2.46	12.42	1.21	0.21	5.92	0.28	5.85	2.83	7.25	5.22	7.45	0.88	3.85
D		S		1.90	1.99	9.01	0.21	0.08	0.19	1.92	0.00	0.27	0.12	0.09	15.03	0.00	0.41	0.96	61.75	5.84	0.02	0.06	0.15
E		E		15.94	0.05	14.26	23.30	0.39	3.20	1.91	0.47	6.18	1.15	0.36	3.90	1.52	2.87	3.15	12.02	7.25	1.29	0.18	0.61
L		L		3.46	0.24	4.85	7.96	0.74	3.72	1.51	2.87	7.33	15.42	2.65	10.71	0.00	4.97	10.99	3.13	13.20	4.67	0.30	1.27
C		C		0.01	99.66	0.00	0.00	0.00	0.29	0.00	0.00	0.00	0.00	0.00	0.00	0.00	0.00	0.00	0.01	0.00	0.00	0.01	0.00
G		G		0.51	0.00	0.08	0.18	0.07	97.18	0.29	0.00	0.40	0.13	0.02	0.02	0.01	0.11	0.28	0.20	0.06	0.01	0.34	0.10
G		G		5.88	0.32	15.14	3.88	1.52	27.62	7.65	0.01	1.66	0.09	0.08	21.24	0.25	1.47	0.71	6.02	0.59	0.04	1.06	4.78
L		Y		0.40	0.12	0.13	0.57	29.41	0.04	2.97	2.61	0.15	3.88	0.57	0.17	0.00	0.35	0.66	0.11	0.78	2.08	9.65	45.35
W		I		0.80	0.82	0.75	0.54	13.89	0.01	2.03	27.31	0.32	1.81	1.23	1.39	0.01	1.35	1.41	0.32	1.70	10.93	9.99	23.39
R		Y		0.38	0.34	0.45	2.14	4.50	0.12	11.53	0.92	5.64	9.54	4.94	1.02	0.00	1.71	27.29	0.40	0.44	1.03	0.22	27.39
L		L		0.07	0.13	0.00	0.03	0.01	0.00	0.00	0.35	0.01	94.38	4.83	0.00	0.00	0.14	0.02	0.00	0.00	0.03	0.00	0.00
V		Y		1.36	0.44	6.00	0.62	9.67	6.73	10.45	0.03	0.26	0.16	0.38	1.83	0.00	0.57	2.87	4.91	2.21	0.10	3.79	47.60
L		I		0.76	0.58	2.68	12.00	7.64	0.40	8.14	24.21	0.54	18.06	2.83	0.41	0.00	3.93	1.65	0.31	1.76	8.74	1.46	3.90
A		Y		22.61	1.35	1.64	2.80	6.05	5.48	7.65	3.36	0.31	0.55	0.47	0.33	0.00	1.49	0.48	0.54	0.63	6.88	1.68	35.70
Q		L		0.78	0.05	0.28	0.26	4.21	4.47	5.52	0.01	1.41	38.31	0.34	1.21	0.00	1.07	4.92	2.35	0.50	0.01	1.59	32.72
R		E		7.39	0.11	4.87	20.89	0.42	1.26	2.08	0.55	10.69	5.54	1.47	1.43	0.00	15.86	13.16	7.02	4.71	1.21	0.82	0.52
W		L		0.62	0.72	1.12	5.07	8.23	0.82	2.65	20.88	0.73	23.75	3.43	1.71	0.00	5.35	1.98	0.66	2.53	11.50	4.19	4.04
M		L		3.69	0.68	0.78	0.76	6.20	5.89	1.75	3.51	0.21	55.81	6.53	0.12	0.00	0.43	0.30	0.14	0.08	2.00	0.07	11.07
E		I		1.44	0.35	3.13	7.02	0.93	0.11	1.56	30.90	7.22	6.95	0.54	0.56	0.01	3.30	4.64	0.65	1.48	27.10	0.78	1.33
R		Y		3.96	0.14	5.73	8.26	15.31	2.38	11.35	0.03	7.79	4.87	1.34	3.01	0.01	3.33	9.99	2.17	1.42	0.02	2.95	15.93
L		L		0.78	1.43	1.51	0.76	13.08	0.04	1.59	2.13	0.68	48.69	2.79	1.24	0.00	0.92	3.48	0.57	0.63	1.50	4.18	13.99
K		G		5.71	0.90	0.75	1.91	0.36	41.51	0.92	0.11	3.36	2.88	0.95	3.10	0.00	3.25	2.90	29.48	1.53	0.02	0.04	0.30
T		T		1.52	0.28	4.36	8.37	7.27	2.99	8.40	0.06	8.56	3.61	0.80	4.72	0.01	7.92	5.32	4.27	16.86	0.13	0.45	14.09
V		V		0.10	0.37	0.59	0.78	0.47	0.05	1.08	38.70	0.26	0.12	0.20	0.61	0.00	0.26	0.35	0.87	3.52	50.72	0.03	0.92
A		A		79.80	2.29	0.05	0.08	0.26	1.30	0.05	0.00	0.02	0.15	0.27	0.09	0.00	0.04	0.02	14.87	0.00	0.00	0.07	0.64
G		G		0.00	0.00	0.00	0.00	0.00	100.00	0.00	0.00	0.00	0.00	0.00	0.00	0.00	0.00	0.00	0.00	0.00	0.00	0.00	0.00
S		E		14.48	0.24	7.50	18.85	1.38	4.76	1.32	1.03	11.52	1.81	0.57	1.77	4.65	3.52	6.34	7.56	6.24	4.63	0.55	1.29
K		E		1.22	0.20	16.14	25.40	0.24	24.59	1.87	0.01	1.93	1.67	0.31	8.84	0.00	10.28	4.81	1.59	0.10	0.01	0.59	0.20
M		L		9.89	0.07	0.11	0.27	10.25	0.01	1.50	0.01	9.43	22.93	2.06	0.04	0.00	1.47	19.83	0.52	0.10	0.01	0.76	20.74
Q		K		0.35	0.12	0.01	0.35	0.03	0.03	0.08	5.38	40.12	0.99	0.68	0.05	0.00	14.76	23.52	0.25	0.07	13.05	0.00	0.14
G		K		10.18	0.38	9.12	10.55	0.57	8.81	1.31	2.59	13.13	6.96	1.87	2.99	0.04	5.00	7.46	4.62	6.87	6.40	0.35	0.79
L		L		16.12	0.25	2.00	3.04	1.31	1.33	1.23	0.06	11.89	34.82	2.73	2.94	0.00	1.46	15.79	2.90	0.07	0.09	0.17	1.80
L		L		3.10	0.95	0.20	1.60	0.19	0.98	0.10	12.34	0.09	62.30	1.76	0.46	0.00	1.51	0.17	0.88	7.16	5.84	0.13	0.23
E		A		20.37	0.21	14.51	13.17	0.72	7.62	1.18	0.34	7.05	2.25	0.56	9.68	0.00	3.80	7.83	8.52	0.52	0.26	0.45	0.97
R		L		2.38	1.43	2.82	3.97	3.51	1.10	8.16	1.40	9.34	18.71	2.33	2.56	0.00	13.72	15.57	4.37	4.29	1.37	0.75	2.23
V		V		1.75	2.55	0.01	0.19	3.89	0.01	0.09	12.93	0.21	6.38	6.39	0.12	0.00	1.37	0.90	1.19	6.32	53.36	0.23	2.09
N		L		18.84	0.65	0.33	2.26	1.85	0.24	1.86	0.27	4.97	42.14	2.22	0.96	0.00	6.99	8.92	1.39	0.06	0.28	0.64	5.13
T		A		43.13	0.05	13.40	14.14	0.09	0.23	1.44	0.02	8.59	1.61	0.84	1.65	0.00	4.72	5.46	4.23	0.13	0.02	0.08	0.15
E		A		34.66	11.37	2.86	3.38	1.01	0.87	1.20	1.93	2.34	4.95	2.51	2.10	0.07	8.90	3.65	7.16	5.79	4.27	0.09	0.87
I		I		0.05	0.02	0.00	0.00	1.87	0.00	0.01	92.94	0.00	1.61	0.26	0.00	0.00	0.00	0.00	0.00	0.01	2.95	0.02	0.26
H		A		51.13	0.36	9.25	1.78	0.07	0.82	0.29	0.05	5.03	0.18	0.07	2.37	0.00	1.03	5.92	21.19	0.04	0.04	0.04	0.33
F		F		0.32	0.01	0.01	0.05	78.03	0.00	0.19	0.02	0.00	0.00	0.01	0.00	0.00	0.01	0.00	0.07	0.02	0.04	5.91	15.31
V		V		1.00	0.19	0.01	1.29	3.39	0.04	0.92	27.53	0.11	4.10	6.90	0.17	0.00	1.26	0.66	0.33	2.18	47.17	0.57	2.18
T		F		5.22	0.06	15.85	4.26	18.18	0.27	2.33	0.02	5.82	2.35	0.29	5.79	0.00	3.00	11.52	5.86	1.34	0.02	4.63	13.20
K		L		5.80	0.98	10.99	8.27	2.06	2.47	4.08	1.49	7.69	16.30	1.88	4.25	0.00	11.78	10.36	3.50	0.95	1.61	2.41	3.12
C		G		22.56	3.51	0.10	0.33	7.19	50.34	1.16	0.58	0.21	1.66	0.83	0.13	0.00	0.43	0.09	2.74	0.42	0.91	1.26	5.55
A		P		14.26	0.32	13.67	6.38	0.13	4.26	1.61	0.05	5.64	0.71	0.40	7.19	30.70	3.29	3.37	6.73	0.83	0.21	0.04	0.21
F		F		1.14	0.74	0.02	0.03	50.42	0.01	1.22	11.42	1.11	1.43	0.59	0.04	0.00	0.29	1.25	0.05	0.37	7.46	1.29	21.13
Q		E		4.90	0.08	1.33	42.98	0.05	1.74	0.96	0.00	18.26	3.27	0.48	2.56	0.00	14.11	7.02	1.46	0.65	0.02	0.02	0.12
P		P		7.56	0.07	4.64	8.68	0.13	0.92	1.29	0.30	4.01	1.02	0.23	1.03	56.33	1.26	1.86	6.21	3.10	1.20	0.03	0.12
P		P		13.43	0.68	0.23	1.71	7.44	0.10	0.42	4.03	1.87	21.86	3.66	0.44	22.08	0.62	8.86	1.81	1.95	5.83	0.69	2.30
P		P		1.89	0.00	0.91	0.83	0.00	0.07	0.17	0.02	1.26	0.20	0.11	0.16	90.10	0.94	0.95	1.78	0.27	0.35	0.00	0.00
S		A		26.45	0.03	14.17	17.96	0.08	1.45	0.70	0.34	8.32	0.60	0.19	1.34	3.83	3.59	2.80	14.44	2.97	0.64	0.02	0.07
C		E		12.47	0.65	4.60	18.70	0.13	3.29	2.03	0.20	16.44	1.70	0.66	2.72	0.00	14.21	8.98	10.73	1.63	0.57	0.12	0.17
L		M		12.69	10.84	2.73	3.89	0.66	10.44	1.72	2.29	0.19	10.79	18.25	7.93	0.00	1.97	0.32	4.59	3.32	6.40	0.17	0.82
R		K		6.08	0.12	1.33	18.20	0.07	0.02	0.66	2.49	21.57	3.71	0.67	0.86	0.00	19.92	9.81	1.11	3.60	9.72	0.02	0.03
F		F		0.67	0.08	0.68	7.43	23.34	0.09	1.03	2.18	4.96	6.79	1.52	1.01	0.00	1.72	11.99	2.39	9.07	5.16	3.75	16.16
V		E		13.05	0.51	0.43	21.81	0.14	1.61	0.60	0.92	18.70	0.69	1.32	0.37	0.00	11.70	14.46	5.21	2.76	5.56	0.02	0.16
Q		E		8.97	0.12	7.72	23.69	0.41	2.96	2.05	0.65	10.00	0.78	0.99	5.64	9.34	4.43	4.85	12.42	3.15	1.51	0.09	0.24
T		V		5.25	3.02	0.02	1.06	0.08	0.00	0.43	4.69	7.27	2.22	3.34	0.05	0.00	1.25	4.44	0.15	2.93	63.69	0.00	0.10
N		S		0.50	0.11	0.18	0.20	0.03	1.94	0.07	0.00	0.16	0.01	0.02	0.23	5.57	0.04	0.21	70.59	20.08	0.01	0.00	0.04
I		I		0.31	0.57	0.03	0.33	0.15	0.04	0.02	67.77	0.16	1.74	0.67	0.03	0.00	0.19	0.25	0.21	0.09	27.27	0.03	0.13
S		E		13.69	0.23	5.48	18.60	0.99	0.61	1.96	0.73	10.11	9.81	1.83	1.28	0.00	5.71	10.05	12.57	2.75	0.94	0.23	2.43
R		E		10.48	0.03	9.62	46.50	0.05	0.45	0.75	0.39	7.65	1.13	0.35	1.93	0.00	9.07	2.39	4.21	3.17	1.70	0.02	0.11
L		V		2.42	0.16	0.01	0.11	0.03	0.12	0.02	15.20	0.15	11.17	0.86	0.05	0.00	0.15	0.07	0.27	1.46	67.75	0.01	0.01
L		L		0.54	0.02	0.09	0.39	0.76	0.01	0.11	5.91	0.22	80.23	5.81	0.13	0.00	0.10	1.19	0.07	0.08	3.15	0.13	1.07
Q		K		5.20	0.05	11.50	16.65	0.21	0.50	2.11	0.11	22.42	2.03	0.17	2.10	0.00	8.78	10.78	5.56	10.99	0.18	0.10	0.55
E		L		3.39	0.24	7.33	10.70	0.30	0.94	2.94	1.35	11.97	15.67	1.48	8.69	0.00	7.25	13.62	4.91	7.83	0.64	0.17	0.60
T		A		65.13	0.24	0.04	0.01	0.07	28.60	0.00	0.01	0.00	1.84	2.91	0.01	0.00	0.12	0.03	0.92	0.02	0.01	0.01	0.03
S		S		5.38	2.38	2.29	5.07	0.15	12.73	1.24	0.14	2.71	2.12	1.03	2.55	0.00	7.48	7.69	39.33	5.63	0.24	0.43	1.42
E		E		9.61	0.35	8.91	30.70	0.25	0.15	0.67	1.54	13.22	3.54	0.84	2.27	0.00	12.55	8.47	2.64	2.45	1.44	0.09	0.30
Q		A		66.85	1.98	3.49	1.37	0.37	2.58	0.20	0.14	0.69	4.02	1.47	7.90	0.00	0.44	1.04	6.68	0.10	0.06	0.07	0.55
L		L		15.70	0.83	0.11	0.39	0.28	8.93	0.42	2.06	0.24	49.10	8.64	1.11	0.00	3.01	1.15	6.26	0.74	0.73	0.02	0.28
V		K		3.20	0.10	1.07	18.60	0.21	0.23	0.92	8.09	28.16	3.79	0.37	0.49	0.00	8.65	6.44	1.60	4.07	12.95	0.59	0.47
A		K		5.98	0.05	1.80	18.39	0.37	0.03	0.76	6.21	29.28	3.80	0.23	0.60	0.00	3.83	13.54	2.41	5.97	6.31	0.06	0.40
L		A		34.56	0.31	0.85	1.66	0.57	34.14	0.04	0.01	0.11	13.62	0.99	0.57	0.00	0.42	0.19	10.40	0.22	0.03	0.10	1.23
K		R		2.29	0.23	1.02	0.78	3.51	5.61	12.74	0.01	21.48	0.82	0.04	6.11	0.00	2.08	22.47	7.43	0.53	0.00	0.48	12.37
P		P		0.02	0.00	0.12	0.09	0.00	0.05	0.02	0.00	0.07	0.00	0.00	0.02	99.43	0.02	0.02	0.10	0.02	0.01	0.00	0.00
W		V		0.93	1.20	2.07	9.30	0.72	1.84	2.90	9.36	9.88	2.21	0.80	5.63	0.00	4.81	12.57	3.72	13.71	15.53	0.88	1.95
I		I		13.63	8.32	0.65	3.50	3.65	0.21	9.47	18.03	0.69	1.69	2.95	0.85	0.00	4.00	3.25	3.51	0.16	10.62	3.19	11.63
T		N		0.89	0.05	22.31	2.73	0.05	1.05	1.51	0.00	0.16	0.00	0.03	40.27	0.00	1.06	0.71	21.66	7.29	0.02	0.03	0.17
R		T		1.73	1.38	1.67	8.02	1.66	0.17	5.30	0.99	17.37	1.58	0.35	3.48	0.00	4.97	7.82	10.71	29.48	2.40	0.07	0.85
Q		I		0.29	0.30	0.16	1.24	0.07	0.10	0.32	49.05	3.65	4.18	0.42	0.19	0.00	1.12	1.48	0.25	1.82	35.16	0.04	0.16
N		D		0.04	1.07	71.80	0.53	0.05	0.01	0.22	0.06	0.18	0.03	0.02	23.79	0.00	0.12	0.16	1.57	0.03	0.15	0.06	0.10
F		F		0.03	0.15	0.00	0.02	63.56	0.14	3.80	0.00	0.01	1.42	0.38	0.08	0.00	0.09	0.01	0.01	0.00	0.00	0.34	29.97
S		S		4.88	0.11	3.12	0.73	0.00	0.43	0.06	0.00	0.11	0.00	0.00	1.91	0.00	0.12	0.10	87.66	0.74	0.00	0.00	0.01
R		D		2.86	0.10	26.63	15.76	1.31	14.07	7.91	0.09	2.19	1.45	1.42	9.27	0.03	3.96	1.68	7.51	1.85	0.11	0.53	1.28
C		C		0.49	98.73	0.01	0.00	0.00	0.55	0.00	0.00	0.00	0.00	0.01	0.01	0.00	0.00	0.00	0.17	0.02	0.00	0.00	0.00
L		L		5.73	4.35	0.84	0.98	0.60	0.03	4.95	5.30	1.69	54.93	1.77	3.92	0.00	3.63	5.94	1.76	1.61	0.96	0.20	0.81
E		T		1.29	1.38	4.83	10.20	0.41	0.78	6.96	2.33	13.42	0.53	0.16	8.56	0.01	6.43	7.34	9.67	20.53	4.16	0.05	0.96
L		P		18.97	1.29	0.28	0.62	3.80	0.21	1.69	7.26	0.37	8.73	2.43	1.05	21.15	0.79	0.76	2.36	1.08	9.52	15.78	1.85
Q		R		1.73	0.16	0.44	13.28	0.04	0.22	0.30	0.23	23.15	2.72	2.12	0.34	0.10	11.08	36.00	4.13	3.23	0.63	0.03	0.08
C		A		80.03	4.50	0.20	0.15	0.09	1.18	0.08	0.05	0.10	0.00	0.11	0.18	0.35	0.14	0.29	9.03	2.55	0.48	0.38	0.10
Q		R		7.88	0.21	0.78	9.68	0.04	0.55	0.19	1.31	19.83	8.57	1.56	0.97	0.03	12.04	20.14	2.51	5.90	7.71	0.01	0.05
P		P		0.68	0.01	1.77	1.16	0.05	0.15	0.12	0.07	0.59	0.09	0.06	0.31	93.15	0.30	0.43	0.82	0.08	0.11	0.00	0.04
Q		T		7.66	1.49	2.55	5.43	0.51	0.32	1.98	14.16	3.35	2.52	7.13	2.76	1.26	3.60	2.45	4.92	21.46	16.06	0.04	0.34
D		G		2.36	0.66	7.54	13.25	1.31	16.46	2.56	3.44	4.88	2.24	1.81	8.26	2.34	4.27	4.74	8.97	10.34	3.14	0.42	1.00
C		C		0.00	100.00	0.00	0.00	0.00	0.00	0.00	0.00	0.00	0.00	0.00	0.00	0.00	0.00	0.00	0.00	0.00	0.00	0.00	0.00
S		T		5.09	0.39	0.70	11.73	0.39	0.18	7.50	0.76	11.12	0.23	0.79	2.00	0.00	6.65	8.88	19.72	20.04	2.45	0.78	0.61
F		F		0.03	0.01	0.00	0.00	81.24	0.00	0.28	0.00	0.01	0.08	0.01	0.02	0.00	0.01	0.01	0.02	0.00	0.00	0.32	17.95
Q		E		9.26	0.18	10.60	18.85	0.84	3.19	1.87	0.46	8.82	3.33	0.49	5.61	0.15	5.13	4.10	17.12	7.54	0.94	0.73	0.78
H		T		0.72	0.28	0.63	6.73	1.80	0.02	4.05	12.54	7.12	2.68	0.29	1.50	0.00	3.30	3.01	4.25	29.84	19.06	0.19	1.98
S		S		1.48	6.63	3.16	0.36	0.06	18.25	0.16	0.01	0.78	0.15	0.26	28.45	5.31	0.42	1.42	32.27	0.76	0.02	0.00	0.03
P		P		6.10	6.70	1.05	1.18	1.05	1.94	1.00	0.58	6.37	4.38	4.82	0.39	36.54	5.75	6.93	8.08	4.70	1.40	0.13	0.90
I		I		0.02	0.02	0.00	0.04	0.20	0.00	0.03	87.60	0.07	4.05	0.24	0.01	0.00	0.27	0.23	0.02	0.36	6.71	0.02	0.12
S		G		0.41	0.02	0.31	0.05	0.00	88.59	0.01	0.00	0.09	0.01	0.00	0.45	0.14	0.01	0.20	9.11	0.58	0.01	0.00	0.00
S		D		4.85	0.25	22.85	12.69	1.52	1.97	4.74	0.51	4.77	2.61	0.89	10.20	0.03	3.93	3.02	10.79	11.77	0.66	0.38	1.56
D		D		0.57	0.46	51.23	1.69	0.74	4.46	5.16	0.17	1.32	0.40	0.15	24.25	0.00	0.69	1.31	2.55	3.82	0.09	0.13	0.81
F		Y		4.51	22.68	1.95	0.45	6.75	8.58	16.76	0.16	0.13	0.10	0.24	2.06	2.19	0.14	0.07	2.60	0.36	0.49	6.01	23.78
A		E		14.86	0.21	2.84	28.32	1.16	1.73	1.58	0.33	9.23	1.22	0.26	1.02	0.06	9.25	17.09	7.46	1.22	0.88	0.25	1.00
V		K		3.53	0.25	7.20	12.73	4.77	2.87	3.57	3.43	14.45	12.79	0.95	2.98	0.05	4.96	5.65	3.43	6.04	2.88	1.70	5.76
K		R		21.09	0.18	0.52	3.37	0.56	0.36	2.09	0.68	9.85	5.32	0.74	1.13	0.00	3.76	39.76	2.08	2.52	2.64	0.38	2.97
I		L		1.59	2.24	0.02	0.23	8.86	0.22	0.40	24.85	0.03	34.33	5.29	0.08	0.00	0.35	0.19	0.03	0.02	19.02	0.17	2.07
R		D		5.40	0.49	20.18	12.93	1.81	2.07	2.82	1.47	8.32	5.43	1.11	5.99	0.01	8.24	8.73	3.49	5.17	2.38	1.42	2.53
E		D		4.95	0.41	27.69	13.13	1.08	1.30	2.32	0.65	6.19	3.11	1.05	14.67	0.00	6.01	7.69	3.24	3.87	0.85	0.53	1.27
L		L		4.74	0.11	0.02	0.37	6.14	0.08	1.39	0.05	1.03	70.67	5.21	0.06	0.00	0.60	1.46	0.09	0.22	0.18	2.78	4.81
S		H		1.33	0.12	2.69	6.47	4.23	2.59	31.51	0.01	8.71	3.05	0.51	1.39	0.00	4.85	7.18	2.37	0.54	0.01	3.35	19.08
D		D		4.60	0.26	42.65	7.11	0.14	1.26	0.36	0.00	1.84	0.54	0.37	34.14	0.01	1.60	0.85	4.00	0.05	0.00	0.06	0.14
Y		V		0.56	0.98	0.45	1.33	2.55	1.05	3.12	25.22	1.16	0.63	5.25	0.37	0.23	1.38	1.50	1.03	5.84	43.53	0.38	3.44
L		L		7.88	2.50	0.69	1.62	5.26	0.02	3.37	3.36	1.43	25.07	4.23	0.45	0.11	1.42	4.05	7.72	23.01	1.61	2.35	3.85
L		I		0.80	0.39	0.13	0.68	8.69	0.05	8.75	36.18	0.19	7.93	0.97	0.85	0.19	0.91	0.67	0.08	0.52	18.24	5.12	8.67
Q		K		1.88	0.62	3.17	5.27	3.08	0.00	0.66	2.79	26.60	22.41	0.78	3.47	0.00	2.92	11.80	1.68	2.38	1.10	1.05	8.33
D		D		0.21	0.39	64.26	1.23	0.19	1.28	1.25	0.17	0.75	0.05	0.05	24.36	0.33	0.75	0.49	2.20	1.40	0.04	0.01	0.57
Y		Y		0.08	0.01	0.01	0.06	28.80	0.00	0.55	3.04	0.02	3.94	0.07	0.02	0.00	0.04	0.08	0.02	0.28	1.92	0.77	60.31
P		P		1.78	0.21	2.86	7.50	0.12	5.30	0.88	1.20	6.27	2.74	0.40	3.84	46.38	2.65	2.40	6.06	6.71	2.41	0.10	0.19
V		V		1.50	0.43	0.18	1.45	0.10	0.00	0.10	6.92	0.49	2.02	0.59	0.08	0.00	0.68	0.53	0.37	3.53	80.79	0.02	0.21
T		T		0.64	0.28	1.08	2.34	2.80	3.53	1.63	0.82	1.21	0.05	0.33	1.14	0.01	1.00	4.34	8.94	60.16	5.88	0.45	3.38
V		L		8.30	0.15	0.25	1.86	0.79	0.02	0.96	7.43	3.53	34.32	7.75	0.25	0.00	2.09	23.12	2.10	0.40	3.33	0.24	3.09
A		P		6.57	0.37	0.14	0.42	0.53	0.90	0.58	0.34	0.06	22.69	1.15	0.14	62.39	0.37	0.31	1.85	0.14	0.31	0.24	0.51
S		A		25.80	0.09	4.85	18.37	0.51	1.57	0.83	0.03	18.41	2.66	0.48	1.02	0.01	9.64	8.97	6.14	0.20	0.09	0.08	0.23
N		N		0.00	0.00	2.85	0.00	0.00	0.00	0.01	0.00	0.00	0.00	0.00	97.12	0.00	0.00	0.00	0.01	0.01	0.00	0.00	0.00
L		L		2.11	0.16	0.01	0.04	0.06	0.08	0.01	0.49	0.03	94.98	0.73	0.04	0.00	0.10	0.21	0.27	0.08	0.55	0.00	0.04
Q		A		66.14	1.10	0.91	4.65	0.12	8.37	0.41	0.10	2.96	0.23	0.26	1.91	0.08	1.96	1.95	7.43	0.57	0.57	0.04	0.23
D		E		5.66	0.77	7.95	15.10	2.26	1.01	3.34	2.72	9.71	2.08	0.47	8.28	0.02	7.22	7.02	7.76	8.06	6.28	1.16	3.12
D		D		0.10	2.38	68.40	0.10	0.04	0.38	1.62	0.03	0.11	0.04	0.01	14.15	0.00	0.10	0.41	11.31	0.66	0.07	0.02	0.05
E		E		14.26	0.16	10.51	22.58	0.67	0.62	1.67	1.71	9.36	1.48	0.61	2.77	0.75	4.29	5.72	13.74	5.04	3.17	0.30	0.61
L		T		2.40	0.09	3.10	5.55	0.30	4.28	2.11	1.20	9.94	12.91	1.56	10.05	0.00	4.06	12.81	2.82	19.56	6.39	0.14	0.72
C		C		0.22	92.88	0.08	0.04	0.29	3.62	0.32	0.00	0.04	0.02	0.03	0.71	0.00	0.01	0.02	0.28	0.44	0.01	0.41	0.58
G		G		2.93	0.27	1.70	3.28	4.18	56.22	4.80	0.27	3.07	4.37	0.99	0.97	0.01	3.07	3.53	2.46	0.70	0.59	3.64	2.95
G		G		2.69	0.38	12.39	2.98	0.59	57.94	5.36	0.00	0.44	0.02	0.05	9.08	1.08	0.74	0.43	4.12	0.12	0.01	0.36	1.22
L		Y		0.56	0.07	0.11	0.28	24.04	0.33	1.23	0.42	0.08	1.47	0.26	0.09	0.00	0.26	0.68	0.22	0.46	0.31	4.01	65.11
W		W		1.01	1.44	0.36	0.92	0.14	0.12	3.96	0.68	0.91	8.07	25.20	5.08	0.00	18.47	3.66	0.64	0.27	0.12	28.74	0.20
R		Y		0.49	0.16	0.49	2.92	2.88	0.07	5.44	9.92	3.37	16.47	2.49	0.24	0.00	2.03	12.62	0.36	0.46	7.18	1.11	31.29
L		L		0.35	0.07	0.00	0.00	0.01	0.00	0.00	38.37	0.01	57.21	2.56	0.00	0.00	0.06	0.02	0.01	0.04	1.27	0.00	0.00
V		Y		7.97	0.12	1.45	1.05	22.64	1.10	5.25	0.01	1.56	0.27	0.59	0.88	0.00	1.03	7.78	5.33	1.52	0.04	3.41	38.01
L		E		1.10	0.30	12.44	26.05	8.75	0.70	8.29	1.89	0.30	6.88	2.63	1.58	0.00	13.38	1.24	0.86	0.77	1.38	3.99	7.47
A		Y		6.14	0.56	1.21	0.29	15.72	2.64	20.27	8.96	0.04	0.43	0.32	0.88	0.01	0.49	0.09	1.18	7.00	3.42	1.53	28.82
Q		Y		2.02	0.04	0.28	1.17	3.50	0.17	16.38	0.02	2.99	25.98	0.34	1.59	0.00	5.04	8.02	3.17	0.95	0.12	1.68	26.53
R		R		11.61	0.18	7.27	12.80	0.65	5.30	4.42	0.43	9.41	3.21	2.02	2.49	0.00	12.36	18.52	5.83	1.72	0.47	0.27	1.01
W		N		1.03	1.17	1.78	11.63	2.27	12.51	5.28	2.75	1.27	13.65	2.87	15.65	0.02	13.75	3.32	1.62	3.28	2.03	2.34	1.77
M		F		1.21	0.52	0.18	2.34	36.36	0.02	0.84	1.05	0.41	28.26	1.61	0.09	0.00	0.43	0.20	0.05	0.10	2.65	0.15	23.53
E		H		1.41	0.16	4.30	11.61	8.57	1.16	14.01	3.12	7.35	11.74	1.10	3.54	0.00	6.45	8.69	1.25	1.69	3.12	1.65	9.10
R		E		5.41	0.07	1.78	44.15	0.12	1.15	0.54	1.90	16.81	3.03	1.13	0.51	0.00	9.58	7.31	1.23	2.09	3.01	0.09	0.10
L		L		3.76	0.82	1.02	2.75	4.72	0.09	1.93	3.06	4.69	47.73	4.76	1.02	0.00	2.71	7.31	0.59	1.34	3.83	2.01	5.86
K		A		34.40	0.22	1.06	5.04	1.08	1.81	1.12	0.10	15.19	13.94	2.41	1.97	0.00	3.70	9.58	5.89	0.05	0.02	0.18	2.26
T		K		4.09	0.23	0.66	19.08	0.12	0.87	0.47	6.97	26.55	2.18	0.46	0.43	0.00	8.95	6.38	0.59	1.61	20.17	0.02	0.18
V		N		0.32	1.03	16.81	3.43	2.17	6.96	7.43	3.75	1.65	0.21	0.28	34.16	0.02	1.59	2.00	4.33	5.90	4.05	0.20	3.71
A		S		32.32	3.60	0.08	0.06	0.46	0.82	0.06	0.00	0.07	0.41	0.60	0.08	0.01	0.12	0.09	60.00	0.54	0.02	0.05	0.60
G		G		0.00	0.00	0.00	0.00	0.00	100.00	0.00	0.00	0.00	0.00	0.00	0.00	0.00	0.00	0.00	0.00	0.00	0.00	0.00	0.00
S		E		13.74	0.15	11.77	22.88	0.46	5.21	1.10	0.86	9.53	0.92	0.29	3.28	3.51	2.42	3.95	10.96	6.20	2.01	0.30	0.47
K		G		0.64	0.07	10.20	11.80	0.04	57.50	0.56	0.01	1.01	1.49	0.44	7.12	0.00	5.79	1.97	1.09	0.08	0.01	0.05	0.13
M		L		4.75	0.02	0.02	0.59	5.48	0.02	0.43	0.06	1.01	72.49	0.88	0.01	0.00	1.06	3.20	0.13	0.01	0.09	0.28	9.48
Q		K		0.12	0.12	0.01	0.24	0.09	0.01	0.21	25.82	29.76	0.78	0.66	0.10	0.00	4.80	12.30	0.17	0.20	24.27	0.01	0.33
G		K		10.37	0.20	3.33	12.81	0.42	6.22	1.54	2.72	28.68	2.89	0.52	1.14	0.29	4.38	6.95	4.16	4.99	7.73	0.05	0.63
L		K		1.99	0.36	3.54	2.33	1.81	0.49	13.68	0.08	18.91	14.74	1.11	6.30	0.00	6.34	18.14	1.54	0.69	0.14	0.89	6.90
L		L		6.05	0.23	0.01	0.15	5.83	0.04	0.10	19.82	0.00	36.15	0.97	0.03	0.00	0.05	0.01	0.04	0.04	27.75	0.67	2.07
E		K		1.26	0.40	3.88	12.06	2.39	0.04	2.55	7.19	15.75	15.14	1.19	2.18	0.00	8.23	11.64	0.82	3.51	5.98	2.70	3.09
R		A		32.97	0.27	11.27	5.74	0.03	5.18	0.99	0.02	4.43	0.32	0.08	11.71	0.00	3.20	4.81	18.09	0.79	0.02	0.01	0.06
V		V		0.33	2.92	0.00	0.04	0.05	0.00	0.01	6.14	0.01	1.07	1.83	0.09	0.00	0.13	0.07	0.20	1.02	86.06	0.03	0.03
N		H		5.53	0.12	1.18	1.51	6.29	2.39	37.35	0.01	1.34	8.28	0.45	1.38	0.00	4.24	13.57	0.92	0.04	0.01	0.73	14.66
T		E		5.31	0.32	22.11	28.57	0.12	3.16	1.46	0.04	7.22	3.11	0.92	12.90	0.00	6.61	4.77	2.33	0.55	0.07	0.24	0.18
E		V		14.07	14.54	1.93	11.69	1.15	1.09	2.94	3.93	0.83	2.22	2.64	0.71	0.01	3.57	0.87	4.22	6.41	24.83	0.38	1.97
I		I		0.08	0.07	0.00	0.00	0.84	0.02	0.01	89.32	0.00	3.37	0.35	0.00	0.00	0.00	0.00	0.00	0.01	5.74	0.00	0.18
H		A		41.78	0.04	4.84	2.75	0.01	1.28	0.03	0.01	4.13	0.08	0.07	0.90	0.00	2.18	5.23	36.59	0.02	0.01	0.02	0.01
F		W		0.05	0.01	0.01	0.02	22.76	0.30	0.24	0.00	0.00	0.01	0.00	0.00	0.01	0.01	0.00	0.03	0.00	0.01	64.90	11.64
V		V		0.73	0.14	0.01	0.46	0.69	0.02	0.25	35.12	0.14	1.98	1.17	0.08	0.00	0.57	0.26	0.12	1.19	56.57	0.09	0.41
T		S		6.35	0.15	10.05	9.60	5.28	0.78	5.50	0.07	10.12	3.18	0.23	6.16	0.00	3.79	10.11	13.48	7.09	0.15	1.25	6.65
K		L		7.48	1.60	9.30	5.19	2.75	1.44	4.90	0.67	8.00	14.59	1.42	6.69	0.00	7.24	14.29	4.09	0.83	0.79	3.02	5.72
C		F		27.96	5.43	0.18	0.16	31.01	5.33	2.94	0.22	0.16	0.62	0.47	0.15	0.00	0.23	0.06	2.70	0.44	0.60	1.33	20.02
A		D		15.94	0.36	19.05	6.97	0.16	5.49	2.75	0.10	4.67	0.56	0.56	11.98	13.28	3.83	3.53	9.54	0.68	0.25	0.05	0.26
F		F		0.68	0.25	0.04	0.06	53.61	0.02	0.47	9.23	0.31	1.76	0.74	0.06	0.00	0.15	1.02	0.07	0.34	7.34	4.78	19.07
Q		E		11.52	0.42	5.83	29.23	0.46	4.21	1.40	0.00	8.06	0.90	0.51	7.71	0.00	8.46	8.53	10.28	1.72	0.03	0.12	0.61
P		P		7.22	0.23	2.34	2.83	0.29	0.44	0.47	0.29	1.27	0.78	0.25	0.75	76.02	0.67	1.34	2.50	0.80	1.22	0.08	0.23
P		P		8.81	0.08	0.39	2.05	0.74	0.06	0.15	0.68	1.40	16.49	2.20	0.13	58.93	0.33	4.20	1.69	0.35	0.73	0.12	0.48
P		P		5.11	0.01	0.29	0.34	0.00	0.04	0.07	0.02	0.75	0.08	0.07	0.06	89.13	0.14	0.45	2.98	0.17	0.28	0.00	0.00
S		E		18.83	0.03	20.52	21.67	0.18	1.30	0.82	0.33	8.71	0.67	0.27	1.87	1.58	3.70	4.08	10.52	3.99	0.74	0.02	0.16
C		E		14.22	0.41	8.81	35.69	0.08	12.04	0.39	0.03	3.88	0.52	0.43	2.87	0.01	4.45	1.66	12.73	1.38	0.13	0.09	0.17
L		C		9.16	31.12	0.77	2.97	0.33	3.11	0.08	0.69	0.02	5.48	15.16	1.53	0.00	1.17	0.06	2.61	21.10	4.30	0.11	0.24
R		K		2.34	0.44	1.71	14.83	0.10	0.10	1.34	8.32	19.95	4.50	0.42	1.74	0.01	13.71	8.09	0.90	3.14	18.25	0.02	0.06
F		F		0.62	0.13	0.35	3.58	64.15	0.04	0.16	0.75	1.16	15.02	3.09	0.16	0.00	0.70	2.32	0.29	0.88	1.32	1.12	4.17
V		V		5.20	1.12	0.71	24.52	0.02	1.11	0.18	4.61	8.79	0.60	1.43	0.14	0.00	8.35	7.70	2.98	6.61	25.85	0.00	0.07
Q		E		2.02	0.27	11.82	17.53	0.41	5.20	1.48	1.06	5.51	1.70	0.81	9.04	13.44	4.48	2.59	12.07	7.69	1.85	0.56	0.44
T		T		16.43	16.21	0.51	3.94	0.26	0.05	0.55	0.36	5.92	7.06	13.83	0.29	0.00	3.08	3.59	1.08	23.13	3.42	0.03	0.28
N		S		12.22	3.01	8.74	2.38	0.43	9.37	2.99	0.02	2.43	0.20	0.42	5.17	8.16	0.90	2.38	35.62	4.31	0.09	0.26	0.90
I		I		3.25	3.96	0.01	0.09	0.17	0.06	0.00	47.53	0.01	5.68	1.14	0.02	0.00	0.08	0.04	0.15	0.10	37.63	0.03	0.04
S		L		1.91	0.08	2.81	8.96	1.57	0.41	2.99	0.22	20.05	32.49	1.05	1.46	0.00	6.92	11.55	2.40	1.00	0.37	0.81	2.95
R		T		1.25	0.11	12.43	14.76	4.36	0.53	8.70	0.72	3.92	0.19	0.39	3.16	0.00	4.05	2.31	0.69	31.34	3.45	0.96	6.68
L		I		1.53	0.50	0.03	0.04	0.08	0.24	0.05	36.79	0.06	15.32	1.07	0.74	0.00	0.13	0.20	0.44	7.08	35.62	0.03	0.04
L		L		1.79	0.60	0.05	0.14	0.20	1.06	0.03	3.90	0.07	80.77	6.57	0.26	0.00	0.22	1.24	1.55	1.17	0.29	0.02	0.09
Q		E		2.21	0.14	8.16	31.56	0.20	0.23	1.64	0.55	13.92	7.74	1.07	5.18	0.00	10.09	12.61	1.00	1.72	1.68	0.08	0.23
E		L		9.07	0.77	5.11	4.43	0.47	0.47	1.46	1.54	12.17	25.60	1.54	2.85	0.00	3.14	11.29	4.32	14.46	0.44	0.24	0.62
T		L		4.72	1.18	0.11	0.34	0.70	0.43	0.10	0.31	0.26	72.55	11.87	0.07	0.00	0.87	0.47	1.05	4.29	0.40	0.04	0.26
S		K		1.58	0.19	1.95	12.05	0.57	0.28	2.01	0.95	32.71	17.33	0.44	0.73	0.00	3.14	9.66	0.95	0.36	3.74	3.82	7.54
E		R		4.33	0.41	6.81	14.20	2.29	2.45	5.47	0.08	13.58	3.52	0.76	5.06	0.00	9.36	15.63	8.28	3.85	0.05	0.42	3.45
Q		C		5.38	25.84	8.81	3.38	3.19	0.75	13.50	0.04	0.57	2.21	3.24	18.51	0.00	1.11	1.53	3.45	0.17	0.05	0.94	7.33
L		L		1.35	1.26	0.00	0.07	0.81	0.04	0.16	0.25	0.02	86.84	8.52	0.02	0.00	0.14	0.08	0.03	0.02	0.16	0.01	0.22
V		K		1.57	0.11	8.32	17.68	1.07	0.74	3.57	0.42	17.82	2.58	0.22	3.15	0.00	12.01	12.04	4.72	9.93	0.51	0.51	3.04
A		E		5.67	0.07	1.99	22.40	0.37	0.16	1.04	4.88	19.99	7.66	0.40	1.31	0.00	7.66	13.95	1.75	5.03	4.78	0.09	0.80
L		A		35.62	1.96	3.80	1.74	0.64	3.52	0.31	0.13	0.52	31.71	2.16	2.18	0.00	2.36	1.29	9.53	0.80	0.24	0.50	0.97
K		R		3.57	0.25	1.91	3.35	0.59	15.45	5.14	0.03	20.56	1.40	0.22	4.38	0.00	4.28	24.02	11.90	0.77	0.03	0.12	2.02
P		P		0.45	0.03	2.51	1.84	0.05	2.75	0.40	0.05	0.54	0.09	0.02	0.85	88.12	0.33	0.18	1.45	0.25	0.07	0.01	0.04
W		I		0.25	0.31	0.91	5.28	0.46	0.19	1.53	27.56	4.36	2.67	0.87	2.81	0.00	3.53	8.45	2.42	10.76	25.96	0.50	1.16
I		L		3.38	0.19	0.04	0.87	8.34	0.01	0.52	21.07	0.04	40.10	2.41	0.01	0.00	0.85	0.17	0.22	0.11	5.31	2.21	14.16
T		S		2.10	0.81	19.30	4.11	0.02	0.40	2.00	0.01	0.34	0.01	0.04	22.43	0.00	1.37	0.61	31.85	14.43	0.08	0.01	0.08
R		K		5.95	0.63	3.12	18.34	0.29	0.46	1.42	1.40	18.39	4.27	1.17	4.46	0.01	16.42	15.45	3.34	3.28	1.37	0.05	0.17
Q		I		0.28	1.35	0.20	1.09	0.44	0.47	0.74	62.07	2.07	2.74	0.92	0.24	0.05	0.85	1.62	0.14	0.86	23.04	0.06	0.77
N		D		0.01	0.10	89.00	0.21	0.02	0.00	0.06	0.02	0.07	0.02	0.01	9.96	0.00	0.11	0.05	0.30	0.02	0.02	0.00	0.02
F		F		0.10	0.11	0.01	0.02	75.37	0.00	0.80	0.00	0.01	6.23	0.09	0.03	0.00	0.10	0.02	0.01	0.00	0.00	0.34	16.77
S		T		5.76	1.42	3.06	2.78	0.00	0.55	0.05	0.00	0.85	0.00	0.01	1.07	0.00	0.78	0.38	37.99	45.23	0.07	0.00	0.00
R		D		3.81	0.09	34.86	10.91	1.26	3.68	7.16	0.08	3.92	0.68	0.67	17.77	0.12	4.99	2.04	4.63	1.60	0.15	0.15	1.42
C		C		0.44	93.89	0.05	0.00	0.00	5.20	0.01	0.00	0.00	0.00	0.01	0.04	0.00	0.00	0.00	0.33	0.01	0.00	0.00	0.01
L		L		1.91	0.82	0.06	0.23	0.03	0.07	0.37	2.69	3.96	77.55	0.73	2.69	0.00	2.36	3.99	0.97	0.67	0.82	0.03	0.05
E		T		0.64	0.33	2.52	9.16	0.60	0.03	5.30	2.46	17.21	0.36	0.17	4.48	0.00	10.06	7.72	3.16	26.66	7.80	0.03	1.29
L		P		12.21	2.48	0.59	1.04	15.23	3.03	2.37	0.37	1.02	6.59	1.87	1.35	23.32	0.71	0.88	6.52	4.93	2.38	9.68	3.44
Q		R		7.18	0.46	0.34	9.65	0.09	0.62	0.81	2.93	18.70	0.91	1.44	0.71	0.00	7.24	28.24	7.00	8.26	5.15	0.16	0.11
C		A		65.24	0.33	0.15	0.41	0.02	4.61	0.09	0.01	0.08	0.00	0.01	0.65	11.89	0.14	0.13	15.69	0.42	0.10	0.01	0.01
D		S		8.66	0.24	4.75	12.65	0.62	2.82	1.76	1.13	5.89	1.24	6.15	5.94	3.17	4.63	5.28	17.51	13.28	3.53	0.08	0.66
C		C		0.39	98.83	0.19	0.02	0.02	0.18	0.06	0.00	0.01	0.00	0.01	0.14	0.00	0.01	0.01	0.12	0.00	0.00	0.00	0.02
S		T		1.28	0.31	0.59	6.80	0.26	0.22	1.66	1.23	5.86	0.24	1.49	1.75	0.00	4.19	3.39	9.62	47.67	12.87	0.21	0.36
F		F		0.10	0.18	0.08	0.03	61.24	0.01	6.57	0.00	0.05	0.18	0.05	0.19	0.00	0.15	0.07	0.35	0.02	0.00	1.93	28.79
Q		E		6.73	0.06	13.69	20.52	0.93	10.01	3.04	0.59	7.77	5.36	1.02	6.55	0.79	3.73	3.64	9.75	3.99	0.52	0.32	0.99
H		E		3.61	0.21	4.64	24.60	1.37	0.17	1.72	3.63	15.06	2.50	0.43	5.41	0.00	7.24	5.35	3.92	11.01	7.72	0.10	1.30
S		Q		2.86	1.00	1.95	3.20	0.43	1.50	3.92	1.04	16.02	3.01	1.79	6.23	0.04	27.80	20.34	2.63	2.91	1.29	1.21	0.82
P		F		3.98	0.68	0.72	1.48	46.04	3.19	3.99	0.32	0.73	2.87	1.19	0.29	0.25	0.52	1.62	1.83	0.82	0.95	3.29	25.24
I		F		1.93	0.25	0.16	1.26	27.47	13.00	4.65	0.21	3.34	15.41	2.30	1.09	0.00	2.17	3.84	0.88	0.37	0.24	9.42	12.01
S		G		0.09	0.00	0.78	0.11	0.00	75.29	0.01	0.01	0.14	0.01	0.00	0.31	0.00	0.03	0.23	8.29	14.64	0.03	0.02	0.00
S		D		2.19	0.07	43.65	11.16	0.88	0.25	1.38	0.17	4.04	1.11	0.42	11.01	0.00	2.11	2.03	8.22	10.30	0.32	0.12	0.55
D		D		0.70	0.52	45.11	3.01	0.59	9.96	6.45	0.19	1.23	0.12	0.14	19.40	0.00	1.26	1.18	4.67	4.35	0.20	0.36	0.55
F		D		8.49	7.73	21.91	9.15	2.88	10.28	9.95	1.98	0.38	0.20	0.52	3.67	0.01	2.04	0.20	5.99	0.93	4.55	3.52	5.59
A		R		12.02	0.40	1.76	13.69	0.97	5.80	4.54	0.89	9.86	5.18	0.90	0.51	0.01	9.42	21.06	7.36	1.98	1.82	0.20	1.65
V		K		6.19	0.33	7.41	15.02	1.58	1.58	3.16	2.16	16.19	11.05	0.76	4.13	0.22	6.38	7.03	4.87	6.49	2.12	0.34	2.97
K		R		18.01	0.65	0.29	3.68	0.43	0.17	3.56	0.05	12.65	1.85	1.36	4.59	0.01	5.47	37.66	3.79	3.39	0.77	0.15	1.48
I		L		0.46	1.42	0.02	0.12	22.71	0.39	2.07	2.28	0.14	57.00	6.51	0.16	0.00	1.01	0.63	0.04	0.04	0.99	0.11	3.90
R		I		0.86	0.29	9.25	8.99	0.82	0.09	1.14	19.32	11.33	9.75	0.51	0.93	0.00	4.50	6.63	0.74	4.02	17.08	1.27	2.47
E		K		3.95	0.42	11.96	12.85	0.72	1.91	3.38	1.97	13.46	5.76	0.61	6.06	0.07	7.69	10.98	4.77	9.05	2.06	0.85	1.49
L		L		0.12	0.08	0.00	0.05	16.92	0.00	1.47	0.02	0.10	55.29	0.23	0.01	0.00	0.09	0.25	0.02	0.14	0.06	1.03	24.11
S		L		23.33	0.37	1.87	7.75	0.18	1.25	0.33	0.34	3.74	29.31	3.40	1.00	0.00	3.74	11.90	9.75	0.81	0.45	0.15	0.33
D		D		19.24	0.08	40.01	14.39	0.08	0.27	0.21	0.00	3.27	0.75	0.26	11.44	0.00	2.85	1.39	5.54	0.04	0.00	0.08	0.08
Y		R		2.74	0.78	0.95	2.14	4.50	0.05	7.31	3.34	12.06	4.77	13.06	1.15	0.02	10.19	14.52	1.86	6.74	5.93	1.37	6.51
L		S		18.79	2.08	5.55	2.23	9.78	0.14	7.06	0.10	0.90	3.14	3.00	0.78	0.06	1.00	1.96	21.11	10.48	0.07	2.80	8.99
L		Y		1.77	0.49	0.38	1.81	19.03	0.14	6.92	13.69	0.25	5.56	2.08	2.00	0.31	1.08	1.76	0.36	0.84	8.56	3.32	29.65
Q		K		2.53	1.21	5.28	6.48	4.62	0.01	1.80	2.81	16.54	4.25	0.41	6.67	0.00	1.71	11.48	4.63	11.69	4.60	2.83	10.45
D		D		2.34	0.76	27.81	9.81	0.89	3.67	1.42	0.26	3.33	1.16	0.72	26.17	0.45	3.82	3.93	4.67	6.90	0.45	0.14	1.29
Y		Y		0.10	0.02	0.02	0.18	18.73	0.00	1.84	1.42	0.01	2.02	0.06	0.03	0.00	0.03	0.06	0.03	0.33	1.53	0.48	73.12
P		K		4.52	0.45	2.53	15.39	0.42	3.57	2.10	2.20	16.47	3.90	0.91	6.04	11.24	4.19	7.51	9.80	5.78	1.99	0.22	0.77
V		V		2.88	0.87	0.16	0.69	0.22	0.01	0.25	2.18	0.32	1.14	0.31	0.07	0.00	0.79	0.23	0.53	4.93	83.92	0.06	0.43
T		T		0.50	0.59	1.57	2.14	5.38	16.67	1.24	0.19	1.49	0.72	0.39	1.44	0.00	1.37	1.59	5.01	36.61	7.40	0.13	15.55
V		L		2.26	0.13	0.12	2.54	0.08	0.02	0.17	9.11	5.36	36.34	5.55	0.60	0.00	5.13	27.05	0.64	0.22	4.23	0.01	0.42
A		I		8.35	1.33	0.03	0.29	1.93	0.01	0.14	32.12	0.04	9.18	5.51	0.02	28.91	0.46	0.83	0.19	0.45	9.75	0.27	0.20
S		L		4.93	0.09	0.20	6.98	0.48	0.41	0.26	1.20	9.78	57.57	1.96	0.05	0.00	4.76	4.34	0.43	0.33	5.41	0.57	0.26
N		F		2.07	0.77	6.65	2.09	14.52	1.53	6.99	1.47	5.74	6.54	1.40	9.56	0.04	1.87	11.58	6.33	3.48	1.60	5.21	10.56
L		L		1.03	1.20	0.01	1.19	0.01	0.05	0.07	7.91	2.91	25.74	6.35	3.88	0.00	11.05	11.26	0.70	2.56	24.04	0.03	0.02
Q		A		58.25	0.18	1.35	1.45	2.85	0.11	2.23	0.00	4.43	0.44	0.30	1.18	0.00	2.12	13.51	5.23	0.14	0.01	0.97	5.24
D		G		0.61	0.05	0.14	0.12	0.01	97.77	0.03	0.00	0.08	0.00	0.00	0.06	0.65	0.10	0.05	0.25	0.01	0.01	0.03	0.01
D		D		1.50	0.80	31.05	8.28	1.12	0.98	7.67	1.92	3.60	2.11	0.74	25.48	0.12	3.77	2.74	3.00	1.69	1.18	0.58	1.67
E		G		7.38	0.32	17.07	9.75	0.83	19.84	1.72	0.46	3.88	1.75	0.56	8.52	7.20	2.30	3.32	9.86	3.20	1.19	0.31	0.54
L		V		2.32	0.43	3.02	4.65	1.65	8.58	1.72	11.00	6.98	8.68	1.13	4.69	0.07	2.35	6.71	3.48	12.27	17.80	0.72	1.75
C		C		0.00	99.98	0.00	0.00	0.00	0.02	0.00	0.00	0.00	0.00	0.00	0.00	0.00	0.00	0.00	0.00	0.00	0.00	0.00	0.00
G		S		4.51	0.50	6.59	9.39	3.25	6.46	2.98	1.61	8.82	6.42	1.36	4.90	0.10	5.20	8.69	14.95	5.02	2.88	0.62	5.73
G		G		4.62	0.43	22.23	12.15	1.78	22.97	13.93	0.01	0.78	0.39	0.18	6.75	2.53	1.51	0.54	2.39	0.37	0.04	1.13	5.28
L		Y		0.38	0.38	0.65	0.82	14.87	0.68	2.21	3.87	0.21	8.32	1.92	0.59	0.00	0.57	3.17	0.45	1.26	2.90	3.91	52.84
W		L		1.02	0.48	0.49	1.57	1.03	0.04	2.17	16.98	4.23	21.61	5.34	0.42	0.03	19.53	4.38	0.39	1.64	8.97	7.22	2.47
R		Y		0.82	0.28	0.95	1.71	5.66	0.05	3.61	17.08	2.66	16.65	1.85	0.64	0.00	1.18	7.59	0.41	1.84	14.62	1.39	21.00
L		L		5.50	0.46	0.00	0.10	0.01	0.07	0.00	0.23	0.06	85.87	6.51	0.01	0.00	0.27	0.26	0.39	0.04	0.19	0.00	0.00
V		Y		0.93	2.17	0.37	0.63	6.30	1.55	3.82	2.07	0.63	0.87	1.79	0.56	0.00	1.57	9.91	1.84	3.03	12.25	21.10	28.62
L		L		1.57	0.63	3.97	6.92	19.49	8.23	11.18	0.55	0.12	23.62	4.38	0.59	0.00	3.15	0.98	1.34	3.75	0.37	1.73	7.40
A		V		0.97	0.86	0.11	0.46	4.17	0.05	1.73	22.75	0.15	0.95	0.20	0.05	0.00	0.73	0.15	0.05	1.60	58.15	0.54	6.31
Q		L		2.82	0.08	0.02	0.18	0.17	0.07	0.21	0.01	1.07	88.53	0.74	0.05	0.00	0.51	4.73	0.14	0.15	0.04	0.12	0.38
R		K		1.27	0.42	14.20	18.59	2.96	0.63	8.68	0.01	19.88	3.23	0.44	2.00	0.00	5.80	11.46	1.68	1.71	0.02	2.50	4.51
W		E		0.40	0.51	1.28	20.03	10.10	0.74	7.09	2.03	0.97	11.14	1.55	3.01	0.00	8.31	3.31	0.34	1.04	1.60	10.21	16.34
M		Y		0.02	0.01	0.05	0.39	12.01	0.00	0.11	0.00	0.02	34.19	0.33	0.01	0.00	0.03	0.01	0.00	0.01	0.02	0.30	52.50
E		E		3.22	0.33	6.37	19.45	0.25	1.06	3.01	7.90	15.37	3.31	0.60	3.27	0.00	7.33	7.59	3.20	2.80	14.24	0.35	0.35
R		E		2.75	0.11	3.72	19.12	8.69	1.23	5.90	0.24	14.36	7.27	1.45	1.11	0.00	5.73	11.60	1.52	2.53	0.35	1.88	10.44
L		L		3.10	0.69	0.80	3.00	7.53	0.10	1.25	4.48	3.45	33.55	3.10	0.40	0.01	2.38	12.69	1.00	1.04	6.85	1.02	13.58
K		K		13.03	0.24	2.25	10.69	0.51	11.30	1.46	0.09	16.64	6.66	1.24	3.68	0.00	8.61	10.83	10.89	0.18	0.03	0.18	1.49
T		K		3.69	0.06	6.23	13.24	1.74	8.82	3.63	0.09	14.05	4.24	0.60	7.43	0.01	12.67	10.32	3.35	5.59	0.29	0.10	3.85
V		V		0.22	0.97	0.89	1.32	0.52	0.17	0.94	40.09	0.73	0.45	0.45	1.85	0.00	0.78	0.83	1.86	4.53	42.39	0.14	0.87
A		A		61.65	1.44	0.07	0.01	0.82	0.85	0.01	0.00	0.09	0.80	1.00	0.05	0.01	0.06	0.06	32.63	0.05	0.00	0.03	0.38
G		G		0.00	0.00	0.00	0.00	0.00	100.00	0.00	0.00	0.00	0.00	0.00	0.00	0.00	0.00	0.00	0.00	0.00	0.00	0.00	0.00
S		P		15.47	0.07	7.54	12.71	0.56	5.95	1.07	0.37	6.37	0.81	0.19	2.32	27.34	2.05	3.23	9.17	2.77	1.00	0.21	0.80
K		E		5.61	0.28	20.52	25.88	0.08	2.34	1.32	0.03	8.05	3.01	0.58	6.94	0.00	10.30	9.13	4.33	1.26	0.07	0.07	0.19
M		R		18.69	0.10	0.20	2.07	3.32	0.02	1.44	0.01	14.78	17.54	4.31	0.06	0.00	11.25	21.03	0.99	0.09	0.03	0.17	3.90
Q		V		0.01	0.06	0.00	0.05	0.03	0.00	0.05	22.47	16.52	0.39	0.25	0.01	0.00	2.23	8.28	0.01	0.02	49.52	0.00	0.10
G		E		5.08	0.46	5.60	14.42	0.99	7.11	1.43	8.27	14.34	6.80	0.76	1.91	0.09	5.99	5.40	3.22	7.14	9.33	0.56	1.12
L		R		18.63	0.24	1.54	2.69	0.70	1.72	2.60	0.19	14.56	20.39	1.18	1.28	0.00	2.04	25.62	2.92	0.51	0.55	0.83	1.81
L		A		62.75	5.63	0.03	0.22	0.49	10.52	0.04	0.11	0.01	7.47	2.76	0.12	0.00	0.16	0.04	6.63	2.76	0.08	0.05	0.14
E		L		1.41	0.21	2.02	9.86	5.10	0.33	1.95	6.53	12.18	18.55	1.46	2.28	0.05	6.73	11.54	0.97	2.88	5.75	4.36	5.83
R		N		4.11	0.67	14.51	14.30	0.35	1.58	1.80	0.70	8.72	6.76	0.99	18.75	0.03	5.85	13.38	4.05	2.13	0.60	0.22	0.48
V		C		23.42	33.68	0.02	0.22	0.09	0.54	0.01	0.57	0.04	1.77	9.22	0.62	0.05	1.49	0.83	5.62	11.15	10.57	0.05	0.03
N		Y		0.44	0.20	0.48	0.90	9.92	0.58	15.71	0.03	2.51	21.12	0.55	0.72	0.00	1.27	5.05	0.75	0.40	0.01	4.02	35.35
T		V		2.88	0.11	5.47	14.07	2.66	0.29	3.11	7.18	5.02	3.51	0.75	1.24	0.00	3.35	7.74	4.20	13.55	15.48	3.14	6.25
E		A		34.82	6.03	3.37	8.11	1.36	1.17	0.69	1.56	3.51	4.49	3.23	2.50	1.90	4.79	3.48	10.69	3.74	3.60	0.13	0.82
I		I		0.04	0.04	0.00	0.00	0.02	0.01	0.01	93.20	0.00	1.44	0.19	0.00	0.00	0.01	0.00	0.00	0.01	5.03	0.00	0.00
H		S		31.42	0.05	1.80	0.36	0.02	6.74	0.04	0.01	0.62	0.05	0.01	0.51	0.00	0.15	0.26	57.87	0.01	0.00	0.02	0.03
F		W		2.10	0.37	0.46	1.03	13.35	6.66	2.42	0.02	0.13	0.03	0.04	0.13	0.00	0.27	0.10	1.90	0.21	0.05	51.55	19.19
V		V		0.78	0.24	0.02	0.36	5.00	0.07	0.33	8.48	0.39	4.49	2.35	0.09	0.00	0.73	0.91	0.16	1.11	71.43	0.37	2.71
T		F		1.90	0.04	4.84	4.66	38.51	0.05	2.78	0.02	5.00	4.51	0.39	4.66	0.00	2.09	9.24	3.19	1.93	0.02	3.06	13.13
K		K		4.99	0.16	11.84	10.26	0.83	0.07	2.32	5.46	22.81	7.02	0.36	3.70	0.00	7.19	10.04	2.11	3.56	5.95	0.41	0.92
C		A		22.38	10.55	0.98	1.15	6.94	10.20	3.63	10.15	0.55	6.03	5.71	0.44	0.16	0.91	0.45	3.68	2.25	7.53	2.04	4.29
A		P		6.79	0.05	20.73	6.00	0.02	7.75	1.01	0.01	2.71	0.11	0.12	13.25	33.48	2.44	0.97	4.14	0.33	0.04	0.00	0.03
F		V		0.11	0.17	0.00	0.02	14.87	0.00	0.18	35.26	0.28	0.47	0.70	0.02	0.00	0.06	0.20	0.01	0.60	39.11	0.77	7.15
Q		E		7.71	0.04	4.84	32.48	0.31	0.06	1.88	0.30	18.95	1.27	0.35	2.44	0.00	12.54	9.64	3.40	2.55	0.58	0.11	0.53
P		P		5.25	0.02	5.94	4.18	0.07	0.26	0.52	0.11	2.98	0.24	0.14	1.40	68.63	1.02	1.10	5.77	1.76	0.54	0.02	0.08
P		P		7.39	0.38	2.60	6.30	0.47	2.14	0.73	5.21	2.99	7.52	4.54	1.17	34.25	2.00	8.22	3.98	4.87	2.81	0.31	2.13
P		P		8.45	0.29	5.80	1.30	0.03	1.57	0.93	0.26	2.74	0.20	0.08	5.31	30.79	2.07	2.11	26.67	10.50	0.87	0.03	0.03
S		E		15.06	0.08	20.26	21.04	0.11	1.18	0.70	0.44	6.93	1.17	0.38	2.88	0.82	4.65	3.29	13.45	6.32	1.03	0.06	0.14
C		E		9.19	1.51	9.37	24.77	0.61	18.71	2.01	0.12	2.86	2.96	0.65	2.62	0.00	6.00	3.56	12.21	0.45	0.27	1.67	0.45
L		V		13.27	2.57	0.79	2.58	2.29	2.20	5.88	16.71	0.56	10.61	3.91	1.98	0.03	3.13	1.38	4.97	4.77	18.98	1.28	2.10
R		E		5.01	0.35	2.86	20.81	1.55	0.18	1.30	4.89	15.17	5.69	0.42	1.68	0.01	11.63	11.18	1.94	2.01	11.52	0.32	1.47
F		F		0.08	0.04	0.04	0.54	61.44	0.14	1.07	0.01	0.36	2.67	0.52	0.14	0.01	0.12	1.28	0.13	0.06	0.01	0.35	30.99
V		R		2.71	0.20	1.51	11.18	2.40	0.69	0.80	7.38	11.03	20.55	2.65	0.80	0.00	5.11	21.84	1.33	2.84	3.34	0.57	3.06
Q		L		8.82	0.13	7.94	14.78	0.11	1.86	1.96	0.33	13.21	17.29	1.45	3.40	10.29	3.75	4.59	5.93	2.29	1.35	0.33	0.17
T		T		0.75	2.77	0.08	0.41	0.02	0.01	0.09	9.75	2.58	0.75	1.58	0.13	0.00	0.41	0.68	1.23	47.93	30.81	0.00	0.01
N		N		2.49	1.96	9.36	5.40	3.27	2.94	9.12	1.14	2.71	0.46	1.22	20.86	0.67	3.77	2.43	7.09	11.96	6.09	0.39	6.67
I		L		5.25	11.03	0.11	0.47	2.71	0.86	0.29	7.38	0.30	54.38	4.47	0.29	0.00	0.50	0.86	1.06	0.69	7.79	0.31	1.23
S		I		14.36	0.86	2.35	3.94	0.55	0.87	3.16	22.14	6.02	9.86	1.32	1.78	0.00	1.95	3.08	17.77	2.48	6.71	0.16	0.62
R		E		1.22	0.06	7.15	18.46	3.24	0.20	6.83	6.21	5.87	1.75	0.78	1.14	0.00	6.27	1.99	0.65	12.61	17.84	0.49	7.24
L		V		9.89	1.20	0.04	0.11	0.09	0.92	0.02	16.38	0.40	14.24	0.98	0.95	0.00	0.20	0.45	1.84	4.15	48.12	0.01	0.02
L		L		0.26	0.12	0.01	0.08	0.50	0.02	0.03	0.02	0.02	92.89	5.75	0.02	0.00	0.05	0.06	0.01	0.00	0.03	0.01	0.10
Q		K		4.59	0.67	11.12	10.17	1.82	3.14	8.61	0.17	13.18	5.46	0.60	4.29	0.04	8.29	9.37	6.50	6.52	0.19	1.39	3.87
E		I		1.04	0.19	0.74	3.11	0.62	0.07	1.05	35.54	1.15	26.84	0.26	0.32	0.00	0.68	1.55	0.78	7.39	16.29	0.69	1.67
T		A		31.56	1.43	0.92	0.56	0.52	1.96	0.19	1.94	0.16	19.04	4.72	1.03	0.01	3.54	0.88	21.70	7.35	2.17	0.03	0.29
S		G		1.40	2.78	1.81	7.66	0.16	30.15	1.95	0.02	3.29	3.18	0.98	2.44	0.00	7.37	6.20	24.59	5.41	0.02	0.09	0.49
E		V		1.17	0.42	3.80	12.01	4.40	1.39	2.99	14.38	3.47	4.38	0.90	1.65	0.00	3.64	3.45	1.39	4.19	27.26	1.30	7.80
Q		A		27.36	3.38	5.43	3.86	3.05	3.57	6.26	0.28	0.32	0.04	0.12	3.72	0.02	1.51	0.52	14.90	13.57	3.59	0.62	7.90
L		G		12.00	0.20	0.13	1.15	0.31	31.80	0.41	0.25	0.83	7.37	0.55	6.71	0.01	2.85	6.07	28.86	0.23	0.11	0.00	0.17
V		E		8.58	0.23	3.85	21.48	0.25	0.61	2.05	0.31	14.16	2.70	0.39	3.95	0.00	19.53	10.46	7.40	2.82	0.74	0.15	0.33
A		L		9.59	0.44	4.05	8.78	5.73	0.60	5.70	0.23	16.44	17.48	1.19	2.09	0.01	5.03	7.81	4.34	1.58	0.32	0.77	7.81
L		L		8.99	0.98	2.65	2.03	2.39	0.07	0.82	7.07	0.67	46.72	4.17	0.54	0.02	1.17	1.41	2.22	2.94	10.48	1.97	2.70
K		R		3.82	0.67	0.99	1.44	5.85	0.31	9.58	0.01	15.93	2.63	0.21	3.97	0.00	1.53	30.50	5.82	0.37	0.01	2.42	13.94
P		P		1.36	0.14	23.20	8.20	0.10	1.67	0.91	0.54	3.02	0.20	0.07	5.93	39.30	1.46	0.77	8.69	3.29	0.92	0.01	0.22
W		T		1.25	0.35	0.67	3.68	0.50	0.15	1.02	11.02	18.80	2.77	0.94	1.41	0.00	3.94	13.78	4.83	19.80	13.69	0.67	0.73
I		I		2.37	0.13	0.20	10.54	5.78	0.04	0.65	26.94	0.80	16.12	2.32	0.28	0.00	3.11	1.98	0.58	0.09	6.67	5.66	15.76
T		V		0.31	0.54	0.07	1.16	0.01	0.05	0.12	2.55	7.16	0.14	0.53	0.23	0.00	3.25	3.66	1.10	2.69	76.38	0.01	0.05
R		A		23.56	0.95	9.67	10.43	0.24	2.66	1.57	1.29	10.30	1.18	0.27	6.51	0.31	5.33	5.03	16.02	2.54	1.89	0.04	0.22
Q		V		0.13	0.31	0.01	1.07	0.29	0.05	0.28	25.83	3.42	2.38	1.02	0.07	0.01	1.23	3.76	0.13	0.39	59.25	0.02	0.35
N		D		0.23	0.15	51.04	2.52	0.07	0.07	0.42	0.24	2.11	0.47	0.44	33.12	0.00	2.52	1.18	2.39	1.88	0.92	0.01	0.22
F		F		0.06	0.04	0.00	0.00	39.22	0.00	18.05	0.00	0.02	6.15	0.05	0.04	0.00	0.03	0.01	0.00	0.00	0.00	1.26	35.09
S		S		6.68	0.28	0.45	1.62	0.00	1.56	0.07	0.00	0.38	0.00	0.00	0.45	0.00	0.30	0.25	85.43	2.49	0.00	0.01	0.02
R		E		12.67	0.09	10.27	20.57	0.20	9.43	1.30	0.39	10.02	1.76	0.99	3.59	0.00	7.52	6.04	8.50	4.91	0.97	0.28	0.48
C		C		0.24	66.65	0.00	0.00	0.00	33.05	0.00	0.00	0.00	0.00	0.00	0.00	0.00	0.00	0.00	0.05	0.00	0.00	0.00	0.00
L		L		0.81	1.51	0.47	1.09	0.04	0.25	0.38	0.21	0.80	59.60	1.41	4.89	0.00	0.98	7.19	1.99	18.02	0.28	0.00	0.06
E		T		2.10	1.02	2.03	10.06	4.95	0.20	11.08	0.63	13.93	2.32	0.49	2.16	0.00	6.83	6.88	7.49	19.48	1.78	0.29	6.28
L		I		10.76	1.94	0.51	2.57	6.72	0.95	1.14	23.37	0.55	10.76	1.81	0.65	13.17	1.78	2.68	1.87	2.53	11.40	1.66	3.18
Q		R		0.85	0.18	0.33	14.42	0.05	0.14	0.32	0.03	20.33	2.44	1.72	0.68	0.02	7.25	48.50	1.47	0.97	0.18	0.03	0.10
C		G		23.22	0.83	0.44	0.97	0.35	33.19	0.45	0.12	0.17	0.00	0.09	0.81	1.80	0.42	0.21	27.96	5.34	2.97	0.24	0.42
